-16026	1
-14960	1
-14596	1
-14510	1
-14322	1
-14208	1
-14172	1
-14156	1
-14002	1
-13998	1
-13858	1
-13844	1
-13810	1
-13770	1
-13726	1
-13698	1
-13588	2
-13586	1
-13504	1
-13486	1
-13464	1
-13440	1
-13356	1
-13260	1
-13232	1
-13206	1
-13160	1
-13150	1
-13038	1
-12986	1
-12968	1
-12944	1
-12898	1
-12890	1
-12888	1
-12872	1
-12870	1
-12808	1
-12750	1
-12742	1
-12722	1
-12700	1
-12676	1
-12668	1
-12644	1
-12554	1
-12530	1
-12528	1
-12500	1
-12494	1
-12478	1
-12474	1
-12460	1
-12440	1
-12436	1
-12414	1
-12410	1
-12398	1
-12386	1
-12358	1
-12350	1
-12346	1
-12326	1
-12316	1
-12308	2
-12304	1
-12294	1
-12286	1
-12250	1
-12244	1
-12232	1
-12174	1
-12172	1
-12162	1
-12158	1
-12144	1
-12138	1
-12112	1
-12110	1
-12104	1
-12078	1
-12064	1
-12044	1
-12042	1
-12032	1
-12024	1
-12016	1
-11982	1
-11978	1
-11942	1
-11938	1
-11918	1
-11916	1
-11870	2
-11850	1
-11848	1
-11796	1
-11794	1
-11778	1
-11760	1
-11754	2
-11730	1
-11724	1
-11694	1
-11684	1
-11666	1
-11662	1
-11652	1
-11646	1
-11640	1
-11638	1
-11634	1
-11614	1
-11606	2
-11592	1
-11578	2
-11572	1
-11558	1
-11532	1
-11508	2
-11500	1
-11470	1
-11460	1
-11438	2
-11424	1
-11422	1
-11416	1
-11408	1
-11402	1
-11396	1
-11392	1
-11388	1
-11382	1
-11372	1
-11356	1
-11352	1
-11316	2
-11312	1
-11308	1
-11304	1
-11300	1
-11292	2
-11282	1
-11274	1
-11252	1
-11250	1
-11246	1
-11234	1
-11232	1
-11218	1
-11204	1
-11202	1
-11188	2
-11186	1
-11180	1
-11176	1
-11164	1
-11162	1
-11152	1
-11142	2
-11138	1
-11124	1
-11122	1
-11116	1
-11108	1
-11104	1
-11100	2
-11094	1
-11078	1
-11072	1
-11066	1
-11060	1
-11058	1
-11048	1
-11044	1
-11020	1
-11018	1
-11016	2
-11014	1
-11012	2
-11010	4
-10994	1
-10992	1
-10990	2
-10988	2
-10978	1
-10968	1
-10966	1
-10964	1
-10956	1
-10950	1
-10938	2
-10934	1
-10908	1
-10902	1
-10896	1
-10886	1
-10882	2
-10880	1
-10876	1
-10872	2
-10862	1
-10858	1
-10854	1
-10852	1
-10850	1
-10846	1
-10840	1
-10838	1
-10830	2
-10826	1
-10816	1
-10814	1
-10812	2
-10808	1
-10806	1
-10800	2
-10794	1
-10784	2
-10780	2
-10776	1
-10772	1
-10758	1
-10754	1
-10750	1
-10744	2
-10740	3
-10738	1
-10728	1
-10716	1
-10714	1
-10712	1
-10708	1
-10706	1
-10700	1
-10698	2
-10690	1
-10676	1
-10674	1
-10666	1
-10664	2
-10662	1
-10660	3
-10650	1
-10646	2
-10638	1
-10636	1
-10632	1
-10622	1
-10618	1
-10614	1
-10604	1
-10600	1
-10594	1
-10592	1
-10588	1
-10584	1
-10582	1
-10578	1
-10574	1
-10570	1
-10566	1
-10564	2
-10562	1
-10560	1
-10550	1
-10548	1
-10546	1
-10530	1
-10526	2
-10524	2
-10518	1
-10510	1
-10508	1
-10500	3
-10496	1
-10484	4
-10474	1
-10470	1
-10468	1
-10466	2
-10460	1
-10454	2
-10452	1
-10446	1
-10442	1
-10440	1
-10438	2
-10432	2
-10430	1
-10428	1
-10422	1
-10420	1
-10418	1
-10414	1
-10412	2
-10408	1
-10400	2
-10394	1
-10382	2
-10380	2
-10376	2
-10368	1
-10362	2
-10354	2
-10352	2
-10346	1
-10342	1
-10340	1
-10338	1
-10324	1
-10320	1
-10318	3
-10314	1
-10312	1
-10308	1
-10306	3
-10300	1
-10296	1
-10294	1
-10292	1
-10290	1
-10288	1
-10284	1
-10278	2
-10276	1
-10258	1
-10256	2
-10254	1
-10250	1
-10246	1
-10242	1
-10238	3
-10236	1
-10234	1
-10228	1
-10224	1
-10220	1
-10216	1
-10214	1
-10212	1
-10206	1
-10200	1
-10198	1
-10194	1
-10186	2
-10182	1
-10168	1
-10166	1
-10164	1
-10162	1
-10160	2
-10158	1
-10156	2
-10150	1
-10148	2
-10144	3
-10136	2
-10134	1
-10130	2
-10126	2
-10124	1
-10122	2
-10118	1
-10116	2
-10112	2
-10110	1
-10108	1
-10106	1
-10100	1
-10094	1
-10088	3
-10084	1
-10068	1
-10064	4
-10062	1
-10060	1
-10050	1
-10046	2
-10040	2
-10038	2
-10028	1
-10026	1
-10024	2
-10022	2
-10020	1
-10018	2
-10016	2
-10010	2
-10002	2
-9996	2
-9994	1
-9990	2
-9988	3
-9980	1
-9978	2
-9976	3
-9964	1
-9962	2
-9960	1
-9958	1
-9956	2
-9952	1
-9950	1
-9948	2
-9944	4
-9942	2
-9940	1
-9938	1
-9936	2
-9930	1
-9928	1
-9926	2
-9922	2
-9920	1
-9918	4
-9914	1
-9912	1
-9910	1
-9908	1
-9906	1
-9902	1
-9900	1
-9898	2
-9894	2
-9892	2
-9886	1
-9882	1
-9880	1
-9872	3
-9870	1
-9866	1
-9864	3
-9862	1
-9860	1
-9858	2
-9856	4
-9852	1
-9846	1
-9844	1
-9842	2
-9840	3
-9838	1
-9834	1
-9832	2
-9830	1
-9828	3
-9826	2
-9824	1
-9818	1
-9816	1
-9812	3
-9810	2
-9808	1
-9806	3
-9798	3
-9796	1
-9794	1
-9788	1
-9784	3
-9782	1
-9780	1
-9778	1
-9776	1
-9774	2
-9766	2
-9762	3
-9758	2
-9756	1
-9754	2
-9752	1
-9748	1
-9744	1
-9742	1
-9740	3
-9738	1
-9734	1
-9730	2
-9728	2
-9724	1
-9722	1
-9720	1
-9718	2
-9716	1
-9714	2
-9712	1
-9710	3
-9708	1
-9706	2
-9704	2
-9702	1
-9700	2
-9698	2
-9692	1
-9688	2
-9684	1
-9682	1
-9680	1
-9676	1
-9674	2
-9672	1
-9670	3
-9666	1
-9664	2
-9662	1
-9658	1
-9656	2
-9654	1
-9652	1
-9650	2
-9648	1
-9646	4
-9644	2
-9640	3
-9638	2
-9636	3
-9634	3
-9630	2
-9628	1
-9622	3
-9618	2
-9612	2
-9610	1
-9608	3
-9606	2
-9604	2
-9600	4
-9598	1
-9596	3
-9590	1
-9588	3
-9584	1
-9582	1
-9580	3
-9578	1
-9576	1
-9574	2
-9572	1
-9570	2
-9568	3
-9566	1
-9564	1
-9562	2
-9560	2
-9558	2
-9556	1
-9554	1
-9552	1
-9550	3
-9548	1
-9542	4
-9540	1
-9538	3
-9536	2
-9534	1
-9532	1
-9530	2
-9528	4
-9526	1
-9522	1
-9520	4
-9516	2
-9514	2
-9512	1
-9510	1
-9508	1
-9506	1
-9504	1
-9502	6
-9500	2
-9498	2
-9496	4
-9492	2
-9490	1
-9488	2
-9486	1
-9484	1
-9480	1
-9478	2
-9474	3
-9470	2
-9466	2
-9464	2
-9462	1
-9460	3
-9456	3
-9452	4
-9450	1
-9448	1
-9446	1
-9444	1
-9442	2
-9440	3
-9434	8
-9432	1
-9430	1
-9428	1
-9426	1
-9424	2
-9422	1
-9420	1
-9410	5
-9408	3
-9406	1
-9404	3
-9402	4
-9400	2
-9398	4
-9396	1
-9392	1
-9390	2
-9386	2
-9382	4
-9380	1
-9378	1
-9376	2
-9374	1
-9372	1
-9370	1
-9368	1
-9364	2
-9360	3
-9358	2
-9356	1
-9354	2
-9352	3
-9350	3
-9348	1
-9346	2
-9344	1
-9340	2
-9338	2
-9334	3
-9332	2
-9330	1
-9328	2
-9326	1
-9324	2
-9320	4
-9318	2
-9316	2
-9314	3
-9312	1
-9310	2
-9308	2
-9306	1
-9304	1
-9302	3
-9300	2
-9298	1
-9296	4
-9292	1
-9290	1
-9288	2
-9286	3
-9284	3
-9282	5
-9280	2
-9278	2
-9272	2
-9270	2
-9268	2
-9266	3
-9264	2
-9262	2
-9260	4
-9256	1
-9254	3
-9250	1
-9248	4
-9246	2
-9244	2
-9240	1
-9238	1
-9234	6
-9232	4
-9230	2
-9228	2
-9226	2
-9224	2
-9222	1
-9218	1
-9216	2
-9214	3
-9212	2
-9210	2
-9208	5
-9206	3
-9204	1
-9202	2
-9200	4
-9198	2
-9196	4
-9194	2
-9192	3
-9190	2
-9188	1
-9186	2
-9184	3
-9180	1
-9176	1
-9174	3
-9172	4
-9170	4
-9168	3
-9166	1
-9164	4
-9162	2
-9154	2
-9152	7
-9150	1
-9148	1
-9146	5
-9144	4
-9142	1
-9140	4
-9138	1
-9136	6
-9134	2
-9132	4
-9130	2
-9126	3
-9122	1
-9120	3
-9118	2
-9116	1
-9114	2
-9112	2
-9110	3
-9108	1
-9106	2
-9102	2
-9098	2
-9096	1
-9094	2
-9092	2
-9090	5
-9088	2
-9086	3
-9084	4
-9082	2
-9080	1
-9078	1
-9076	2
-9074	3
-9072	1
-9066	1
-9064	3
-9062	2
-9058	1
-9054	4
-9052	1
-9050	1
-9048	2
-9046	4
-9044	2
-9042	1
-9040	3
-9038	1
-9036	3
-9034	1
-9032	1
-9030	6
-9028	4
-9026	2
-9024	3
-9022	6
-9020	3
-9018	4
-9014	3
-9012	4
-9010	2
-9008	3
-9006	2
-9004	2
-9002	2
-9000	2
-8998	2
-8996	6
-8994	3
-8992	5
-8990	1
-8988	1
-8986	2
-8984	3
-8982	2
-8980	1
-8978	1
-8976	4
-8974	4
-8968	1
-8966	1
-8964	2
-8960	1
-8956	4
-8954	4
-8952	2
-8950	3
-8948	2
-8946	1
-8944	4
-8942	2
-8940	2
-8938	3
-8936	4
-8934	1
-8932	4
-8928	3
-8926	5
-8922	1
-8920	2
-8918	1
-8916	4
-8912	3
-8910	1
-8908	1
-8906	2
-8904	3
-8900	3
-8898	2
-8896	3
-8894	1
-8892	4
-8890	4
-8888	2
-8886	1
-8884	4
-8882	2
-8880	1
-8876	1
-8874	1
-8872	2
-8870	3
-8868	1
-8866	2
-8864	2
-8862	3
-8860	1
-8858	3
-8856	3
-8854	3
-8852	2
-8850	2
-8848	1
-8846	3
-8844	3
-8842	4
-8840	2
-8838	3
-8836	3
-8834	3
-8832	6
-8830	1
-8828	4
-8824	5
-8822	2
-8820	3
-8818	7
-8816	1
-8814	4
-8812	3
-8810	2
-8808	4
-8806	2
-8804	2
-8802	5
-8800	2
-8798	4
-8796	1
-8794	3
-8792	4
-8790	2
-8788	2
-8786	2
-8784	3
-8782	2
-8780	1
-8778	2
-8774	1
-8772	3
-8770	4
-8768	4
-8766	1
-8764	1
-8762	2
-8760	5
-8758	4
-8756	2
-8754	3
-8752	4
-8750	1
-8748	3
-8746	4
-8744	2
-8742	5
-8740	5
-8738	3
-8736	2
-8734	1
-8732	2
-8730	1
-8726	5
-8724	3
-8722	5
-8720	2
-8718	2
-8716	1
-8714	1
-8712	1
-8710	5
-8708	3
-8706	6
-8704	6
-8702	4
-8700	5
-8698	5
-8696	4
-8694	5
-8692	3
-8690	3
-8688	1
-8686	7
-8684	2
-8682	3
-8680	1
-8678	3
-8676	5
-8674	3
-8672	6
-8668	5
-8666	2
-8664	1
-8662	6
-8660	2
-8658	3
-8654	1
-8652	4
-8650	5
-8648	5
-8646	5
-8644	1
-8642	4
-8640	6
-8638	1
-8636	1
-8634	2
-8632	2
-8630	3
-8628	2
-8626	3
-8624	2
-8622	2
-8620	3
-8618	2
-8616	3
-8614	2
-8612	3
-8610	2
-8608	3
-8606	1
-8604	3
-8602	1
-8598	3
-8596	2
-8594	2
-8592	8
-8590	4
-8588	5
-8584	2
-8582	1
-8580	3
-8578	2
-8576	5
-8574	3
-8572	5
-8570	1
-8568	2
-8566	4
-8564	3
-8562	3
-8560	1
-8558	4
-8556	2
-8554	4
-8552	2
-8550	1
-8548	1
-8546	6
-8544	1
-8542	1
-8540	7
-8538	5
-8536	8
-8534	2
-8532	4
-8530	6
-8528	5
-8526	3
-8524	5
-8522	2
-8520	1
-8518	7
-8516	4
-8514	4
-8512	1
-8510	2
-8508	1
-8504	6
-8502	3
-8500	4
-8498	5
-8496	4
-8494	6
-8492	5
-8490	4
-8488	6
-8486	4
-8484	6
-8482	2
-8480	3
-8478	6
-8476	4
-8474	3
-8472	6
-8470	3
-8468	3
-8466	1
-8464	2
-8462	3
-8460	5
-8458	1
-8456	3
-8454	1
-8452	3
-8450	1
-8448	7
-8446	5
-8444	2
-8442	1
-8440	4
-8438	5
-8436	2
-8434	6
-8432	2
-8430	4
-8428	1
-8426	5
-8424	2
-8422	2
-8420	2
-8418	4
-8416	4
-8414	4
-8412	2
-8410	3
-8408	3
-8406	1
-8404	6
-8402	1
-8400	2
-8398	6
-8394	3
-8392	3
-8390	3
-8388	6
-8386	2
-8384	2
-8382	3
-8380	3
-8378	3
-8376	2
-8374	3
-8372	5
-8370	1
-8368	4
-8366	3
-8364	3
-8362	3
-8360	4
-8358	4
-8356	5
-8354	2
-8352	5
-8350	4
-8348	4
-8346	5
-8344	2
-8342	2
-8340	5
-8338	3
-8336	4
-8334	2
-8332	7
-8330	1
-8328	2
-8326	4
-8324	7
-8322	7
-8320	4
-8318	2
-8316	3
-8314	6
-8312	10
-8310	3
-8308	2
-8306	4
-8304	4
-8302	4
-8300	2
-8298	5
-8296	5
-8294	1
-8292	3
-8290	3
-8288	3
-8286	3
-8282	2
-8280	7
-8278	5
-8276	2
-8274	6
-8272	2
-8268	6
-8266	6
-8264	7
-8262	1
-8260	4
-8258	1
-8256	2
-8254	6
-8252	5
-8250	3
-8248	2
-8244	6
-8242	2
-8240	5
-8238	1
-8236	6
-8234	1
-8232	6
-8230	1
-8228	5
-8226	7
-8224	8
-8222	6
-8220	6
-8218	1
-8216	1
-8214	6
-8212	5
-8210	3
-8208	2
-8206	5
-8204	7
-8202	4
-8200	3
-8198	3
-8196	2
-8194	3
-8192	5
-8190	2
-8188	4
-8186	5
-8184	2
-8182	4
-8180	8
-8178	8
-8176	3
-8174	5
-8172	6
-8170	6
-8168	3
-8166	2
-8164	8
-8162	6
-8160	7
-8158	7
-8156	4
-8154	6
-8152	5
-8150	2
-8148	2
-8146	3
-8144	6
-8142	8
-8140	4
-8138	3
-8136	4
-8134	2
-8132	6
-8130	2
-8128	4
-8126	4
-8124	7
-8122	5
-8120	5
-8118	11
-8116	4
-8114	4
-8112	4
-8110	3
-8108	8
-8106	6
-8104	4
-8102	5
-8100	3
-8098	11
-8096	2
-8094	5
-8092	4
-8090	4
-8088	6
-8086	2
-8084	3
-8082	5
-8080	3
-8078	6
-8076	5
-8074	7
-8072	4
-8070	1
-8068	4
-8066	2
-8064	4
-8062	3
-8060	1
-8058	6
-8056	2
-8054	8
-8052	6
-8050	8
-8048	5
-8046	4
-8044	7
-8042	10
-8040	4
-8038	6
-8036	7
-8034	5
-8032	7
-8030	5
-8028	8
-8026	1
-8024	6
-8022	2
-8020	4
-8018	3
-8016	9
-8014	3
-8012	6
-8010	9
-8008	6
-8006	2
-8004	2
-8002	7
-8000	5
-7998	5
-7996	5
-7994	10
-7992	4
-7990	7
-7988	3
-7986	2
-7984	5
-7982	10
-7980	3
-7978	6
-7976	1
-7974	2
-7972	7
-7970	6
-7968	5
-7966	4
-7964	5
-7962	2
-7960	5
-7958	4
-7956	9
-7954	5
-7952	4
-7950	4
-7948	4
-7946	3
-7944	4
-7942	3
-7940	9
-7938	6
-7936	4
-7934	3
-7932	5
-7930	4
-7928	4
-7926	3
-7924	6
-7922	8
-7920	4
-7918	4
-7916	2
-7914	5
-7912	8
-7910	11
-7908	1
-7906	5
-7904	5
-7902	2
-7900	3
-7898	2
-7896	4
-7894	2
-7892	9
-7890	6
-7888	6
-7886	9
-7884	5
-7882	4
-7880	2
-7878	7
-7876	10
-7874	9
-7872	4
-7870	5
-7868	3
-7866	9
-7864	9
-7862	12
-7860	7
-7858	2
-7856	8
-7854	5
-7852	3
-7850	4
-7848	4
-7846	4
-7844	7
-7842	6
-7840	4
-7838	6
-7836	6
-7834	11
-7832	8
-7830	7
-7828	6
-7826	5
-7824	3
-7822	6
-7820	6
-7818	7
-7816	5
-7814	4
-7812	8
-7810	5
-7808	7
-7806	3
-7804	4
-7802	12
-7800	3
-7798	2
-7796	6
-7794	6
-7792	6
-7790	2
-7788	6
-7786	5
-7784	4
-7782	7
-7780	10
-7776	8
-7774	5
-7772	3
-7770	3
-7768	4
-7766	5
-7764	5
-7762	3
-7760	5
-7758	10
-7756	2
-7754	1
-7752	3
-7750	6
-7748	7
-7746	6
-7744	10
-7742	1
-7740	9
-7738	5
-7736	4
-7734	7
-7732	7
-7730	5
-7728	7
-7726	2
-7724	7
-7722	3
-7720	6
-7718	3
-7716	4
-7714	10
-7712	4
-7710	4
-7708	10
-7706	5
-7704	3
-7702	3
-7700	8
-7698	4
-7696	5
-7694	5
-7692	7
-7690	3
-7688	6
-7686	4
-7684	11
-7682	14
-7680	3
-7678	5
-7676	4
-7674	4
-7672	5
-7670	9
-7668	7
-7666	3
-7664	4
-7662	8
-7660	5
-7658	7
-7656	6
-7654	9
-7652	6
-7650	7
-7648	7
-7646	7
-7644	6
-7642	11
-7640	4
-7638	5
-7636	12
-7634	10
-7632	8
-7630	6
-7628	9
-7626	1
-7624	10
-7622	7
-7620	1
-7618	9
-7616	7
-7614	8
-7612	5
-7610	7
-7608	4
-7606	6
-7604	10
-7602	6
-7600	8
-7598	3
-7596	7
-7594	5
-7592	10
-7590	9
-7588	8
-7586	4
-7584	2
-7582	6
-7580	7
-7578	5
-7576	2
-7574	1
-7572	5
-7570	10
-7568	6
-7566	10
-7564	4
-7562	7
-7560	6
-7558	4
-7556	8
-7554	9
-7552	6
-7550	9
-7548	7
-7546	9
-7544	10
-7542	9
-7540	7
-7538	10
-7536	9
-7534	4
-7532	9
-7530	4
-7528	9
-7526	8
-7524	3
-7522	8
-7520	7
-7518	5
-7516	7
-7514	7
-7512	8
-7510	5
-7508	6
-7506	6
-7504	4
-7502	4
-7500	8
-7498	8
-7496	7
-7494	4
-7492	6
-7490	7
-7488	2
-7486	6
-7484	11
-7482	5
-7480	11
-7478	9
-7476	2
-7474	7
-7472	4
-7470	6
-7468	10
-7466	13
-7464	8
-7462	8
-7460	7
-7458	8
-7456	4
-7454	6
-7452	8
-7450	11
-7448	10
-7446	4
-7444	16
-7442	6
-7440	6
-7438	11
-7436	12
-7434	5
-7432	9
-7430	11
-7428	11
-7426	4
-7424	8
-7422	8
-7420	8
-7418	14
-7416	2
-7414	6
-7412	11
-7410	8
-7408	10
-7406	8
-7404	7
-7402	7
-7400	12
-7398	12
-7396	6
-7394	7
-7392	11
-7390	8
-7388	7
-7386	9
-7384	9
-7382	17
-7380	6
-7378	10
-7376	6
-7374	7
-7372	6
-7370	11
-7368	8
-7366	2
-7364	7
-7362	9
-7360	8
-7358	6
-7356	9
-7354	9
-7352	11
-7350	5
-7348	7
-7346	7
-7344	7
-7342	6
-7340	6
-7338	7
-7336	5
-7334	9
-7332	5
-7330	14
-7328	7
-7326	5
-7324	9
-7322	13
-7320	13
-7318	3
-7316	13
-7314	8
-7312	10
-7310	19
-7308	10
-7306	6
-7304	8
-7302	12
-7300	8
-7298	6
-7296	14
-7294	9
-7292	8
-7290	9
-7288	13
-7286	14
-7284	6
-7282	11
-7280	3
-7278	8
-7276	10
-7274	13
-7272	5
-7270	2
-7268	7
-7266	11
-7264	10
-7262	7
-7260	8
-7258	8
-7256	4
-7254	6
-7252	8
-7250	6
-7248	7
-7246	12
-7244	9
-7242	8
-7240	13
-7238	6
-7236	3
-7234	12
-7232	16
-7230	7
-7228	3
-7226	9
-7224	8
-7222	3
-7220	4
-7218	5
-7216	13
-7214	10
-7212	15
-7210	7
-7208	6
-7206	8
-7204	11
-7202	12
-7200	12
-7198	7
-7196	8
-7194	9
-7192	11
-7190	15
-7188	9
-7186	7
-7184	11
-7182	8
-7180	8
-7178	11
-7176	7
-7174	5
-7172	12
-7170	10
-7168	15
-7166	9
-7164	16
-7162	11
-7160	12
-7158	8
-7156	10
-7154	11
-7152	11
-7150	7
-7148	7
-7146	8
-7144	11
-7142	11
-7140	11
-7138	6
-7136	10
-7134	3
-7132	14
-7130	5
-7128	11
-7124	3
-7122	14
-7120	9
-7118	11
-7116	7
-7114	16
-7112	9
-7110	7
-7108	12
-7106	9
-7104	11
-7102	8
-7100	11
-7098	14
-7096	11
-7094	6
-7092	14
-7090	10
-7088	7
-7086	11
-7084	6
-7082	8
-7080	9
-7078	9
-7076	13
-7074	13
-7072	6
-7070	18
-7068	14
-7066	9
-7064	11
-7062	13
-7060	12
-7058	8
-7056	7
-7054	16
-7052	6
-7050	7
-7048	11
-7046	10
-7044	13
-7042	8
-7040	10
-7038	9
-7036	12
-7034	12
-7032	11
-7030	12
-7028	10
-7026	9
-7024	5
-7022	8
-7020	12
-7018	14
-7016	9
-7014	16
-7012	15
-7010	10
-7008	10
-7006	13
-7004	8
-7002	13
-7000	13
-6998	12
-6996	8
-6994	20
-6992	13
-6990	6
-6988	10
-6986	18
-6984	10
-6982	12
-6980	14
-6978	11
-6976	11
-6974	10
-6972	12
-6970	8
-6968	17
-6966	17
-6964	5
-6962	10
-6960	16
-6958	6
-6956	12
-6954	10
-6952	11
-6950	9
-6948	7
-6946	11
-6944	11
-6942	12
-6940	7
-6938	11
-6936	12
-6934	11
-6932	12
-6930	7
-6928	10
-6926	11
-6924	11
-6922	13
-6920	15
-6918	13
-6916	12
-6914	7
-6912	13
-6910	10
-6908	13
-6906	14
-6904	11
-6902	10
-6900	12
-6898	11
-6896	11
-6894	8
-6892	6
-6890	16
-6888	11
-6886	11
-6884	12
-6882	16
-6880	11
-6878	14
-6876	7
-6874	9
-6872	6
-6870	5
-6868	14
-6866	12
-6864	11
-6862	12
-6860	13
-6858	10
-6856	6
-6854	8
-6852	7
-6850	13
-6848	14
-6846	14
-6844	14
-6842	19
-6840	11
-6838	10
-6836	5
-6834	7
-6832	11
-6830	16
-6828	14
-6826	12
-6824	10
-6822	7
-6820	6
-6818	13
-6816	12
-6814	17
-6812	17
-6810	8
-6808	10
-6806	16
-6804	12
-6802	9
-6800	11
-6798	15
-6796	7
-6794	17
-6792	8
-6790	14
-6788	8
-6786	16
-6784	16
-6782	8
-6780	13
-6778	6
-6776	7
-6774	11
-6772	14
-6770	11
-6768	8
-6766	15
-6764	13
-6762	16
-6760	9
-6758	11
-6756	19
-6754	9
-6752	17
-6750	10
-6748	19
-6746	9
-6744	15
-6742	9
-6740	12
-6738	18
-6736	12
-6734	18
-6732	11
-6730	11
-6728	10
-6726	23
-6724	12
-6722	12
-6720	14
-6718	13
-6716	12
-6714	10
-6712	12
-6710	10
-6708	14
-6706	8
-6704	11
-6702	16
-6700	10
-6698	10
-6696	16
-6694	12
-6692	16
-6690	16
-6688	13
-6686	16
-6684	20
-6682	12
-6680	15
-6678	14
-6676	15
-6674	17
-6672	11
-6670	22
-6668	18
-6666	14
-6664	15
-6662	17
-6660	18
-6658	12
-6656	11
-6654	13
-6652	16
-6650	10
-6648	18
-6646	16
-6644	17
-6642	22
-6640	11
-6638	13
-6636	7
-6634	12
-6632	15
-6630	15
-6628	10
-6626	13
-6624	19
-6622	15
-6620	13
-6618	12
-6616	22
-6614	14
-6612	22
-6610	10
-6608	18
-6606	11
-6604	15
-6602	12
-6600	11
-6598	12
-6596	12
-6594	8
-6592	10
-6590	10
-6588	17
-6586	12
-6584	11
-6582	16
-6580	16
-6578	16
-6576	11
-6574	8
-6572	17
-6570	9
-6568	21
-6566	15
-6564	11
-6562	16
-6560	7
-6558	12
-6556	13
-6554	18
-6552	20
-6550	20
-6548	20
-6546	10
-6544	19
-6542	14
-6540	15
-6538	14
-6536	9
-6534	14
-6532	20
-6530	7
-6528	12
-6526	17
-6524	11
-6522	6
-6520	15
-6518	20
-6516	10
-6514	15
-6512	9
-6510	16
-6508	20
-6506	10
-6504	8
-6502	13
-6500	13
-6498	15
-6496	20
-6494	18
-6492	13
-6490	13
-6488	11
-6486	16
-6484	7
-6482	16
-6480	8
-6478	12
-6476	12
-6474	13
-6472	15
-6470	14
-6468	22
-6466	13
-6464	13
-6462	18
-6460	11
-6458	19
-6456	20
-6454	9
-6452	19
-6450	19
-6448	12
-6446	11
-6444	19
-6442	24
-6440	20
-6438	8
-6436	23
-6434	21
-6432	13
-6430	11
-6428	14
-6426	17
-6424	20
-6422	14
-6420	9
-6418	17
-6416	12
-6414	14
-6412	16
-6410	21
-6408	11
-6406	15
-6404	18
-6402	11
-6400	11
-6398	14
-6396	19
-6394	15
-6392	14
-6390	19
-6388	17
-6386	9
-6384	23
-6382	20
-6380	22
-6378	15
-6376	12
-6374	15
-6372	21
-6370	16
-6368	9
-6366	17
-6364	16
-6362	15
-6360	18
-6358	18
-6356	13
-6354	15
-6352	19
-6350	16
-6348	11
-6346	6
-6344	12
-6342	16
-6340	17
-6338	17
-6336	11
-6334	14
-6332	19
-6330	20
-6328	11
-6326	20
-6324	20
-6322	13
-6320	14
-6318	16
-6316	17
-6314	18
-6312	14
-6310	16
-6308	22
-6306	21
-6304	15
-6302	20
-6300	18
-6298	11
-6296	17
-6294	20
-6292	11
-6290	27
-6288	16
-6286	19
-6284	17
-6282	13
-6280	11
-6278	10
-6276	19
-6274	11
-6272	20
-6270	13
-6268	18
-6266	10
-6264	16
-6262	22
-6260	26
-6258	15
-6256	13
-6254	15
-6252	32
-6250	10
-6248	21
-6246	18
-6244	15
-6242	16
-6240	25
-6238	21
-6236	8
-6234	15
-6232	16
-6230	13
-6228	22
-6226	11
-6224	24
-6222	21
-6220	11
-6218	11
-6216	12
-6214	25
-6212	10
-6210	13
-6208	16
-6206	21
-6204	22
-6202	23
-6200	19
-6198	17
-6196	27
-6194	16
-6192	20
-6190	13
-6188	28
-6186	10
-6184	19
-6182	13
-6180	20
-6178	16
-6176	14
-6174	21
-6172	14
-6170	18
-6168	13
-6166	26
-6164	17
-6162	20
-6160	20
-6158	16
-6156	17
-6154	22
-6152	18
-6150	21
-6148	13
-6146	17
-6144	19
-6142	19
-6140	17
-6138	14
-6136	19
-6134	17
-6132	12
-6130	16
-6128	17
-6126	25
-6124	15
-6122	18
-6120	24
-6118	23
-6116	20
-6114	19
-6112	17
-6110	8
-6108	29
-6106	19
-6104	19
-6102	24
-6100	15
-6098	23
-6096	22
-6094	23
-6092	17
-6090	25
-6088	20
-6086	16
-6084	26
-6082	25
-6080	13
-6078	21
-6076	18
-6074	17
-6072	21
-6070	15
-6068	20
-6066	19
-6064	19
-6062	22
-6060	16
-6058	16
-6056	19
-6054	13
-6052	23
-6050	30
-6048	26
-6046	21
-6044	24
-6042	14
-6040	20
-6038	23
-6036	10
-6034	16
-6032	18
-6030	19
-6028	15
-6026	19
-6024	15
-6022	21
-6020	20
-6018	20
-6016	24
-6014	23
-6012	21
-6010	17
-6008	17
-6006	23
-6004	13
-6002	19
-6000	19
-5998	16
-5996	17
-5994	36
-5992	18
-5990	13
-5988	17
-5986	18
-5984	22
-5982	22
-5980	23
-5978	27
-5976	19
-5974	14
-5972	17
-5970	15
-5968	19
-5966	22
-5964	20
-5962	27
-5960	25
-5958	21
-5956	26
-5954	18
-5952	27
-5950	15
-5948	19
-5946	27
-5944	22
-5942	20
-5940	21
-5938	25
-5936	15
-5934	22
-5932	27
-5930	20
-5928	24
-5926	26
-5924	19
-5922	14
-5920	14
-5918	15
-5916	30
-5914	17
-5912	23
-5910	17
-5908	22
-5906	19
-5904	17
-5902	25
-5900	21
-5898	18
-5896	24
-5894	24
-5892	25
-5890	25
-5888	27
-5886	24
-5884	21
-5882	27
-5880	16
-5878	16
-5876	21
-5874	24
-5872	26
-5870	18
-5868	28
-5866	21
-5864	19
-5862	17
-5860	20
-5858	20
-5856	26
-5854	32
-5852	26
-5850	22
-5848	18
-5846	18
-5844	28
-5842	32
-5840	26
-5838	30
-5836	25
-5834	22
-5832	15
-5830	34
-5828	27
-5826	19
-5824	22
-5822	26
-5820	20
-5818	27
-5816	19
-5814	25
-5812	20
-5810	25
-5808	20
-5806	24
-5804	20
-5802	23
-5800	15
-5798	22
-5796	22
-5794	25
-5792	22
-5790	32
-5788	21
-5786	24
-5784	20
-5782	26
-5780	22
-5778	27
-5776	18
-5774	24
-5772	25
-5770	30
-5768	19
-5766	37
-5764	25
-5762	23
-5760	23
-5758	20
-5756	17
-5754	26
-5752	20
-5750	17
-5748	20
-5746	26
-5744	27
-5742	20
-5740	22
-5738	25
-5736	20
-5734	30
-5732	23
-5730	30
-5728	28
-5726	22
-5724	25
-5722	21
-5720	19
-5718	26
-5716	29
-5714	18
-5712	26
-5710	25
-5708	25
-5706	24
-5704	24
-5702	29
-5700	14
-5698	23
-5696	25
-5694	35
-5692	19
-5690	30
-5688	27
-5686	30
-5684	27
-5682	23
-5680	15
-5678	26
-5676	23
-5674	15
-5672	33
-5670	23
-5668	21
-5666	25
-5664	22
-5662	31
-5660	28
-5658	19
-5656	34
-5654	25
-5652	23
-5650	18
-5648	30
-5646	18
-5644	31
-5642	23
-5640	23
-5638	28
-5636	26
-5634	19
-5632	34
-5630	35
-5628	31
-5626	29
-5624	36
-5622	20
-5620	34
-5618	24
-5616	27
-5614	24
-5612	31
-5610	25
-5608	23
-5606	25
-5604	30
-5602	22
-5600	22
-5598	35
-5596	29
-5594	26
-5592	23
-5590	21
-5588	19
-5586	17
-5584	21
-5582	25
-5580	25
-5578	24
-5576	19
-5574	24
-5572	28
-5570	27
-5568	29
-5566	27
-5564	27
-5562	21
-5560	28
-5558	30
-5556	25
-5554	35
-5552	36
-5550	26
-5548	19
-5546	21
-5544	35
-5542	22
-5540	22
-5538	26
-5536	29
-5534	26
-5532	27
-5530	36
-5528	24
-5526	32
-5524	24
-5522	22
-5520	40
-5518	34
-5516	34
-5514	30
-5512	18
-5510	27
-5508	27
-5506	22
-5504	33
-5502	32
-5500	31
-5498	21
-5496	21
-5494	25
-5492	33
-5490	30
-5488	30
-5486	21
-5484	20
-5482	23
-5480	25
-5478	26
-5476	24
-5474	27
-5472	22
-5470	39
-5468	27
-5466	25
-5464	28
-5462	23
-5460	23
-5458	20
-5456	26
-5454	24
-5452	25
-5450	28
-5448	28
-5446	34
-5444	23
-5442	31
-5440	28
-5438	36
-5436	30
-5434	32
-5432	27
-5430	26
-5428	36
-5426	32
-5424	19
-5422	28
-5420	39
-5418	28
-5416	31
-5414	29
-5412	33
-5410	24
-5408	36
-5406	29
-5404	21
-5402	28
-5400	29
-5398	27
-5396	30
-5394	30
-5392	44
-5390	36
-5388	29
-5386	36
-5384	21
-5382	26
-5380	32
-5378	37
-5376	40
-5374	24
-5372	20
-5370	35
-5368	33
-5366	24
-5364	30
-5362	31
-5360	22
-5358	35
-5356	23
-5354	34
-5352	22
-5350	30
-5348	40
-5346	29
-5344	42
-5342	25
-5340	32
-5338	26
-5336	39
-5334	35
-5332	22
-5330	27
-5328	33
-5326	30
-5324	30
-5322	31
-5320	35
-5318	32
-5316	26
-5314	24
-5312	25
-5310	27
-5308	25
-5306	33
-5304	34
-5302	32
-5300	42
-5298	15
-5296	35
-5294	28
-5292	24
-5290	34
-5288	40
-5286	31
-5284	26
-5282	39
-5280	34
-5278	23
-5276	30
-5274	27
-5272	33
-5270	38
-5268	39
-5266	33
-5264	27
-5262	28
-5260	39
-5258	36
-5256	36
-5254	35
-5252	27
-5250	29
-5248	27
-5246	37
-5244	41
-5242	39
-5240	34
-5238	31
-5236	39
-5234	28
-5232	38
-5230	22
-5228	35
-5226	44
-5224	36
-5222	36
-5220	28
-5218	32
-5216	42
-5214	26
-5212	36
-5210	41
-5208	29
-5206	42
-5204	44
-5202	27
-5200	33
-5198	34
-5196	40
-5194	39
-5192	31
-5190	37
-5188	36
-5186	35
-5184	40
-5182	37
-5180	39
-5178	29
-5176	38
-5174	42
-5172	37
-5170	19
-5168	41
-5166	30
-5164	31
-5162	26
-5160	26
-5158	28
-5156	26
-5154	38
-5152	32
-5150	37
-5148	38
-5146	37
-5144	40
-5142	34
-5140	31
-5138	24
-5136	36
-5134	32
-5132	47
-5130	31
-5128	40
-5126	45
-5124	33
-5122	33
-5120	27
-5118	35
-5116	27
-5114	38
-5112	28
-5110	36
-5108	43
-5106	38
-5104	37
-5102	32
-5100	36
-5098	35
-5096	32
-5094	38
-5092	50
-5090	33
-5088	42
-5086	38
-5084	35
-5082	45
-5080	43
-5078	34
-5076	32
-5074	24
-5072	45
-5070	47
-5068	27
-5066	30
-5064	35
-5062	43
-5060	29
-5058	27
-5056	42
-5054	33
-5052	38
-5050	40
-5048	23
-5046	42
-5044	43
-5042	39
-5040	39
-5038	39
-5036	34
-5034	29
-5032	32
-5030	32
-5028	37
-5026	30
-5024	36
-5022	34
-5020	35
-5018	33
-5016	35
-5014	30
-5012	35
-5010	35
-5008	27
-5006	38
-5004	26
-5002	34
-5000	31
-4998	39
-4996	46
-4994	36
-4992	44
-4990	38
-4988	26
-4986	27
-4984	43
-4982	30
-4980	34
-4978	35
-4976	35
-4974	30
-4972	37
-4970	43
-4968	51
-4966	40
-4964	42
-4962	34
-4960	34
-4958	32
-4956	36
-4954	37
-4952	42
-4950	42
-4948	39
-4946	45
-4944	29
-4942	38
-4940	34
-4938	41
-4936	47
-4934	37
-4932	36
-4930	48
-4928	38
-4926	39
-4924	32
-4922	33
-4920	43
-4918	51
-4916	41
-4914	52
-4912	38
-4910	29
-4908	33
-4906	50
-4904	33
-4902	40
-4900	38
-4898	36
-4896	34
-4894	38
-4892	44
-4890	43
-4888	35
-4886	31
-4884	37
-4882	33
-4880	39
-4878	38
-4876	33
-4874	34
-4872	28
-4870	35
-4868	40
-4866	41
-4864	45
-4862	49
-4860	34
-4858	35
-4856	37
-4854	42
-4852	50
-4850	42
-4848	39
-4846	38
-4844	36
-4842	30
-4840	39
-4838	33
-4836	41
-4834	47
-4832	32
-4830	43
-4828	37
-4826	38
-4824	38
-4822	46
-4820	37
-4818	42
-4816	28
-4814	40
-4812	33
-4810	39
-4808	33
-4806	31
-4804	44
-4802	42
-4800	37
-4798	50
-4796	48
-4794	43
-4792	32
-4790	40
-4788	36
-4786	55
-4784	29
-4782	41
-4780	32
-4778	48
-4776	44
-4774	38
-4772	41
-4770	35
-4768	48
-4766	43
-4764	28
-4762	50
-4760	40
-4758	58
-4756	36
-4754	30
-4752	46
-4750	42
-4748	35
-4746	48
-4744	38
-4742	32
-4740	29
-4738	42
-4736	44
-4734	38
-4732	42
-4730	36
-4728	53
-4726	40
-4724	44
-4722	35
-4720	41
-4718	34
-4716	39
-4714	66
-4712	38
-4710	45
-4708	43
-4706	57
-4704	53
-4702	42
-4700	44
-4698	47
-4696	43
-4694	39
-4692	40
-4690	42
-4688	43
-4686	55
-4684	41
-4682	44
-4680	40
-4678	43
-4676	50
-4674	34
-4672	49
-4670	59
-4668	52
-4666	37
-4664	52
-4662	46
-4660	47
-4658	32
-4656	34
-4654	43
-4652	43
-4650	34
-4648	40
-4646	48
-4644	45
-4642	42
-4640	45
-4638	54
-4636	41
-4634	42
-4632	46
-4630	41
-4628	44
-4626	51
-4624	44
-4622	33
-4620	42
-4618	51
-4616	52
-4614	50
-4612	47
-4610	43
-4608	44
-4606	46
-4604	50
-4602	36
-4600	46
-4598	47
-4596	43
-4594	55
-4592	33
-4590	57
-4588	33
-4586	40
-4584	49
-4582	44
-4580	43
-4578	43
-4576	51
-4574	39
-4572	51
-4570	37
-4568	46
-4566	49
-4564	50
-4562	35
-4560	41
-4558	37
-4556	43
-4554	46
-4552	57
-4550	44
-4548	37
-4546	49
-4544	48
-4542	52
-4540	60
-4538	56
-4536	43
-4534	46
-4532	48
-4530	44
-4528	59
-4526	55
-4524	50
-4522	49
-4520	42
-4518	48
-4516	52
-4514	48
-4512	49
-4510	54
-4508	40
-4506	54
-4504	43
-4502	46
-4500	52
-4498	43
-4496	42
-4494	49
-4492	46
-4490	35
-4488	35
-4486	48
-4484	37
-4482	40
-4480	52
-4478	50
-4476	54
-4474	56
-4472	50
-4470	45
-4468	52
-4466	38
-4464	45
-4462	47
-4460	40
-4458	38
-4456	52
-4454	47
-4452	44
-4450	56
-4448	41
-4446	51
-4444	40
-4442	48
-4440	43
-4438	59
-4436	49
-4434	41
-4432	56
-4430	54
-4428	63
-4426	45
-4424	53
-4422	39
-4420	36
-4418	38
-4416	62
-4414	54
-4412	40
-4410	40
-4408	52
-4406	50
-4404	41
-4402	54
-4400	42
-4398	49
-4396	46
-4394	44
-4392	45
-4390	52
-4388	55
-4386	66
-4384	52
-4382	54
-4380	40
-4378	45
-4376	47
-4374	52
-4372	43
-4370	44
-4368	42
-4366	37
-4364	39
-4362	47
-4360	32
-4358	42
-4356	56
-4354	58
-4352	42
-4350	54
-4348	52
-4346	48
-4344	56
-4342	55
-4340	49
-4338	46
-4336	33
-4334	43
-4332	59
-4330	56
-4328	47
-4326	52
-4324	58
-4322	44
-4320	46
-4318	47
-4316	49
-4314	48
-4312	58
-4310	52
-4308	58
-4306	55
-4304	44
-4302	50
-4300	49
-4298	48
-4296	62
-4294	54
-4292	42
-4290	51
-4288	53
-4286	52
-4284	51
-4282	53
-4280	43
-4278	53
-4276	56
-4274	51
-4272	52
-4270	61
-4268	54
-4266	47
-4264	53
-4262	41
-4260	53
-4258	51
-4256	42
-4254	59
-4252	56
-4250	47
-4248	62
-4246	59
-4244	50
-4242	48
-4240	42
-4238	50
-4236	49
-4234	43
-4232	54
-4230	57
-4228	50
-4226	60
-4224	53
-4222	49
-4220	53
-4218	40
-4216	57
-4214	41
-4212	51
-4210	50
-4208	53
-4206	48
-4204	62
-4202	49
-4200	52
-4198	53
-4196	58
-4194	54
-4192	44
-4190	41
-4188	53
-4186	53
-4184	55
-4182	55
-4180	49
-4178	50
-4176	40
-4174	60
-4172	49
-4170	59
-4168	58
-4166	56
-4164	50
-4162	47
-4160	52
-4158	71
-4156	44
-4154	55
-4152	44
-4150	42
-4148	55
-4146	63
-4144	54
-4142	57
-4140	56
-4138	61
-4136	52
-4134	42
-4132	57
-4130	58
-4128	48
-4126	55
-4124	65
-4122	47
-4120	66
-4118	42
-4116	56
-4114	50
-4112	48
-4110	44
-4108	51
-4106	63
-4104	43
-4102	67
-4100	61
-4098	56
-4096	51
-4094	61
-4092	49
-4090	50
-4088	57
-4086	56
-4084	54
-4082	51
-4080	49
-4078	65
-4076	48
-4074	55
-4072	54
-4070	67
-4068	43
-4066	49
-4064	57
-4062	70
-4060	59
-4058	51
-4056	64
-4054	71
-4052	45
-4050	44
-4048	64
-4046	72
-4044	55
-4042	52
-4040	58
-4038	61
-4036	60
-4034	64
-4032	45
-4030	53
-4028	67
-4026	53
-4024	66
-4022	59
-4020	45
-4018	47
-4016	52
-4014	54
-4012	61
-4010	62
-4008	66
-4006	54
-4004	57
-4002	65
-4000	53
-3998	37
-3996	49
-3994	64
-3992	50
-3990	63
-3988	51
-3986	57
-3984	62
-3982	48
-3980	74
-3978	38
-3976	55
-3974	50
-3972	66
-3970	64
-3968	60
-3966	67
-3964	70
-3962	68
-3960	59
-3958	68
-3956	57
-3954	58
-3952	52
-3950	52
-3948	58
-3946	54
-3944	64
-3942	59
-3940	51
-3938	73
-3936	57
-3934	66
-3932	56
-3930	56
-3928	63
-3926	59
-3924	64
-3922	63
-3920	60
-3918	68
-3916	55
-3914	66
-3912	60
-3910	50
-3908	61
-3906	66
-3904	55
-3902	64
-3900	47
-3898	72
-3896	61
-3894	55
-3892	55
-3890	72
-3888	58
-3886	64
-3884	65
-3882	64
-3880	51
-3878	62
-3876	58
-3874	55
-3872	51
-3870	55
-3868	55
-3866	51
-3864	60
-3862	72
-3860	60
-3858	70
-3856	59
-3854	70
-3852	59
-3850	67
-3848	52
-3846	50
-3844	47
-3842	55
-3840	60
-3838	59
-3836	49
-3834	45
-3832	58
-3830	59
-3828	82
-3826	73
-3824	68
-3822	63
-3820	60
-3818	59
-3816	62
-3814	54
-3812	69
-3810	74
-3808	63
-3806	66
-3804	72
-3802	58
-3800	73
-3798	47
-3796	68
-3794	72
-3792	60
-3790	56
-3788	65
-3786	54
-3784	57
-3782	58
-3780	65
-3778	78
-3776	64
-3774	70
-3772	77
-3770	71
-3768	63
-3766	52
-3764	59
-3762	59
-3760	59
-3758	71
-3756	67
-3754	59
-3752	51
-3750	66
-3748	67
-3746	94
-3744	59
-3742	71
-3740	68
-3738	69
-3736	55
-3734	59
-3732	63
-3730	66
-3728	53
-3726	73
-3724	51
-3722	59
-3720	72
-3718	64
-3716	63
-3714	68
-3712	74
-3710	50
-3708	74
-3706	73
-3704	67
-3702	71
-3700	70
-3698	67
-3696	62
-3694	73
-3692	68
-3690	80
-3688	68
-3686	62
-3684	73
-3682	89
-3680	69
-3678	68
-3676	61
-3674	68
-3672	66
-3670	66
-3668	70
-3666	59
-3664	72
-3662	67
-3660	56
-3658	71
-3656	56
-3654	78
-3652	58
-3650	60
-3648	74
-3646	65
-3644	67
-3642	70
-3640	68
-3638	54
-3636	73
-3634	65
-3632	75
-3630	76
-3628	73
-3626	58
-3624	56
-3622	72
-3620	70
-3618	52
-3616	50
-3614	59
-3612	65
-3610	49
-3608	58
-3606	75
-3604	66
-3602	69
-3600	75
-3598	84
-3596	69
-3594	67
-3592	74
-3590	72
-3588	55
-3586	66
-3584	68
-3582	76
-3580	66
-3578	71
-3576	64
-3574	69
-3572	73
-3570	77
-3568	60
-3566	65
-3564	74
-3562	69
-3560	62
-3558	71
-3556	57
-3554	82
-3552	63
-3550	73
-3548	70
-3546	66
-3544	79
-3542	83
-3540	77
-3538	65
-3536	62
-3534	83
-3532	83
-3530	93
-3528	74
-3526	73
-3524	62
-3522	71
-3520	76
-3518	78
-3516	75
-3514	66
-3512	71
-3510	66
-3508	79
-3506	69
-3504	74
-3502	69
-3500	78
-3498	73
-3496	64
-3494	58
-3492	47
-3490	63
-3488	81
-3486	71
-3484	71
-3482	77
-3480	76
-3478	81
-3476	86
-3474	66
-3472	73
-3470	89
-3468	76
-3466	64
-3464	82
-3462	68
-3460	69
-3458	73
-3456	66
-3454	66
-3452	76
-3450	73
-3448	74
-3446	77
-3444	67
-3442	65
-3440	79
-3438	65
-3436	57
-3434	72
-3432	76
-3430	69
-3428	79
-3426	57
-3424	55
-3422	67
-3420	63
-3418	68
-3416	58
-3414	70
-3412	87
-3410	66
-3408	75
-3406	76
-3404	73
-3402	79
-3400	73
-3398	74
-3396	78
-3394	64
-3392	91
-3390	78
-3388	87
-3386	72
-3384	68
-3382	62
-3380	59
-3378	82
-3376	72
-3374	58
-3372	94
-3370	70
-3368	79
-3366	57
-3364	85
-3362	71
-3360	82
-3358	64
-3356	80
-3354	81
-3352	67
-3350	85
-3348	73
-3346	62
-3344	67
-3342	77
-3340	85
-3338	75
-3336	80
-3334	57
-3332	85
-3330	71
-3328	63
-3326	93
-3324	62
-3322	65
-3320	61
-3318	76
-3316	69
-3314	82
-3312	84
-3310	56
-3308	74
-3306	61
-3304	66
-3302	60
-3300	75
-3298	72
-3296	74
-3294	79
-3292	89
-3290	84
-3288	71
-3286	68
-3284	77
-3282	78
-3280	79
-3278	74
-3276	60
-3274	77
-3272	77
-3270	70
-3268	91
-3266	87
-3264	68
-3262	74
-3260	85
-3258	71
-3256	69
-3254	76
-3252	64
-3250	75
-3248	63
-3246	94
-3244	54
-3242	65
-3240	50
-3238	88
-3236	65
-3234	71
-3232	78
-3230	80
-3228	64
-3226	74
-3224	73
-3222	69
-3220	89
-3218	83
-3216	89
-3214	90
-3212	77
-3210	90
-3208	78
-3206	77
-3204	85
-3202	73
-3200	96
-3198	71
-3196	83
-3194	83
-3192	80
-3190	86
-3188	99
-3186	76
-3184	82
-3182	75
-3180	69
-3178	76
-3176	75
-3174	83
-3172	88
-3170	68
-3168	65
-3166	76
-3164	83
-3162	82
-3160	81
-3158	99
-3156	71
-3154	81
-3152	81
-3150	79
-3148	68
-3146	84
-3144	70
-3142	79
-3140	81
-3138	93
-3136	81
-3134	64
-3132	85
-3130	62
-3128	87
-3126	71
-3124	82
-3122	75
-3120	80
-3118	88
-3116	91
-3114	88
-3112	78
-3110	86
-3108	80
-3106	72
-3104	97
-3102	62
-3100	81
-3098	90
-3096	75
-3094	66
-3092	75
-3090	99
-3088	86
-3086	89
-3084	89
-3082	79
-3080	82
-3078	83
-3076	93
-3074	83
-3072	77
-3070	67
-3068	71
-3066	70
-3064	84
-3062	74
-3060	77
-3058	84
-3056	95
-3054	99
-3052	84
-3050	77
-3048	90
-3046	81
-3044	83
-3042	74
-3040	76
-3038	95
-3036	80
-3034	81
-3032	91
-3030	84
-3028	84
-3026	88
-3024	87
-3022	83
-3020	88
-3018	83
-3016	83
-3014	101
-3012	64
-3010	91
-3008	102
-3006	68
-3004	85
-3002	69
-3000	67
-2998	105
-2996	84
-2994	86
-2992	80
-2990	84
-2988	74
-2986	72
-2984	86
-2982	85
-2980	101
-2978	93
-2976	88
-2974	83
-2972	86
-2970	93
-2968	64
-2966	79
-2964	74
-2962	69
-2960	109
-2958	81
-2956	77
-2954	90
-2952	80
-2950	91
-2948	102
-2946	78
-2944	89
-2942	93
-2940	85
-2938	82
-2936	80
-2934	99
-2932	73
-2930	91
-2928	90
-2926	73
-2924	82
-2922	76
-2920	91
-2918	78
-2916	90
-2914	89
-2912	94
-2910	82
-2908	89
-2906	91
-2904	78
-2902	75
-2900	98
-2898	81
-2896	94
-2894	84
-2892	66
-2890	89
-2888	87
-2886	83
-2884	90
-2882	68
-2880	72
-2878	90
-2876	89
-2874	84
-2872	80
-2870	83
-2868	91
-2866	98
-2864	91
-2862	102
-2860	88
-2858	77
-2856	109
-2854	69
-2852	73
-2850	82
-2848	94
-2846	85
-2844	101
-2842	84
-2840	91
-2838	83
-2836	103
-2834	79
-2832	81
-2830	89
-2828	99
-2826	89
-2824	98
-2822	95
-2820	85
-2818	89
-2816	98
-2814	96
-2812	96
-2810	90
-2808	91
-2806	63
-2804	87
-2802	95
-2800	86
-2798	85
-2796	85
-2794	103
-2792	86
-2790	77
-2788	86
-2786	97
-2784	92
-2782	95
-2780	105
-2778	96
-2776	109
-2774	95
-2772	90
-2770	91
-2768	81
-2766	96
-2764	88
-2762	102
-2760	96
-2758	108
-2756	84
-2754	75
-2752	71
-2750	99
-2748	90
-2746	96
-2744	98
-2742	108
-2740	98
-2738	96
-2736	109
-2734	105
-2732	84
-2730	100
-2728	90
-2726	98
-2724	104
-2722	90
-2720	80
-2718	73
-2716	100
-2714	93
-2712	94
-2710	114
-2708	94
-2706	88
-2704	89
-2702	78
-2700	83
-2698	96
-2696	98
-2694	91
-2692	101
-2690	102
-2688	70
-2686	84
-2684	114
-2682	86
-2680	86
-2678	84
-2676	96
-2674	79
-2672	76
-2670	83
-2668	86
-2666	100
-2664	82
-2662	82
-2660	99
-2658	97
-2656	108
-2654	87
-2652	106
-2650	98
-2648	96
-2646	97
-2644	86
-2642	79
-2640	68
-2638	93
-2636	87
-2634	97
-2632	87
-2630	100
-2628	90
-2626	111
-2624	92
-2622	101
-2620	89
-2618	96
-2616	104
-2614	105
-2612	95
-2610	91
-2608	85
-2606	90
-2604	90
-2602	89
-2600	89
-2598	82
-2596	82
-2594	87
-2592	72
-2590	76
-2588	96
-2586	105
-2584	92
-2582	98
-2580	90
-2578	94
-2576	97
-2574	95
-2572	94
-2570	80
-2568	91
-2566	93
-2564	108
-2562	95
-2560	103
-2558	83
-2556	100
-2554	85
-2552	106
-2550	107
-2548	102
-2546	114
-2544	104
-2542	102
-2540	95
-2538	103
-2536	94
-2534	87
-2532	92
-2530	101
-2528	110
-2526	117
-2524	91
-2522	88
-2520	103
-2518	106
-2516	99
-2514	111
-2512	86
-2510	117
-2508	115
-2506	86
-2504	90
-2502	98
-2500	87
-2498	98
-2496	83
-2494	83
-2492	106
-2490	92
-2488	88
-2486	99
-2484	98
-2482	114
-2480	107
-2478	109
-2476	104
-2474	95
-2472	89
-2470	115
-2468	98
-2466	94
-2464	97
-2462	80
-2460	99
-2458	94
-2456	83
-2454	90
-2452	100
-2450	98
-2448	95
-2446	107
-2444	110
-2442	109
-2440	91
-2438	102
-2436	113
-2434	92
-2432	95
-2430	97
-2428	85
-2426	123
-2424	90
-2422	108
-2420	76
-2418	111
-2416	95
-2414	97
-2412	105
-2410	90
-2408	102
-2406	104
-2404	107
-2402	107
-2400	103
-2398	80
-2396	104
-2394	109
-2392	88
-2390	92
-2388	97
-2386	108
-2384	113
-2382	106
-2380	96
-2378	100
-2376	107
-2374	102
-2372	91
-2370	97
-2368	107
-2366	106
-2364	108
-2362	92
-2360	98
-2358	92
-2356	90
-2354	98
-2352	120
-2350	107
-2348	101
-2346	118
-2344	104
-2342	99
-2340	90
-2338	94
-2336	106
-2334	102
-2332	107
-2330	111
-2328	107
-2326	105
-2324	121
-2322	90
-2320	101
-2318	98
-2316	115
-2314	105
-2312	88
-2310	98
-2308	122
-2306	111
-2304	112
-2302	111
-2300	116
-2298	105
-2296	103
-2294	104
-2292	104
-2290	91
-2288	114
-2286	107
-2284	113
-2282	109
-2280	116
-2278	93
-2276	107
-2274	125
-2272	109
-2270	101
-2268	107
-2266	117
-2264	98
-2262	95
-2260	102
-2258	107
-2256	98
-2254	106
-2252	111
-2250	104
-2248	99
-2246	96
-2244	111
-2242	110
-2240	115
-2238	110
-2236	97
-2234	106
-2232	100
-2230	99
-2228	105
-2226	105
-2224	98
-2222	114
-2220	98
-2218	113
-2216	107
-2214	103
-2212	100
-2210	99
-2208	110
-2206	100
-2204	106
-2202	101
-2200	108
-2198	117
-2196	123
-2194	89
-2192	91
-2190	113
-2188	98
-2186	80
-2184	91
-2182	109
-2180	101
-2178	121
-2176	107
-2174	103
-2172	107
-2170	79
-2168	109
-2166	102
-2164	104
-2162	114
-2160	119
-2158	109
-2156	79
-2154	101
-2152	109
-2150	114
-2148	117
-2146	122
-2144	95
-2142	113
-2140	113
-2138	93
-2136	101
-2134	106
-2132	117
-2130	92
-2128	115
-2126	101
-2124	125
-2122	105
-2120	103
-2118	116
-2116	95
-2114	103
-2112	113
-2110	129
-2108	114
-2106	93
-2104	132
-2102	102
-2100	93
-2098	107
-2096	110
-2094	113
-2092	103
-2090	90
-2088	104
-2086	114
-2084	105
-2082	97
-2080	99
-2078	124
-2076	95
-2074	113
-2072	102
-2070	121
-2068	108
-2066	133
-2064	92
-2062	98
-2060	107
-2058	115
-2056	103
-2054	101
-2052	100
-2050	111
-2048	101
-2046	116
-2044	131
-2042	126
-2040	104
-2038	114
-2036	112
-2034	105
-2032	109
-2030	106
-2028	111
-2026	124
-2024	117
-2022	116
-2020	108
-2018	120
-2016	125
-2014	100
-2012	111
-2010	117
-2008	101
-2006	120
-2004	104
-2002	106
-2000	105
-1998	111
-1996	110
-1994	120
-1992	107
-1990	114
-1988	106
-1986	97
-1984	92
-1982	116
-1980	134
-1978	95
-1976	109
-1974	118
-1972	110
-1970	102
-1968	110
-1966	102
-1964	112
-1962	107
-1960	94
-1958	96
-1956	126
-1954	106
-1952	113
-1950	110
-1948	121
-1946	108
-1944	119
-1942	125
-1940	100
-1938	104
-1936	104
-1934	116
-1932	139
-1930	106
-1928	130
-1926	108
-1924	125
-1922	105
-1920	108
-1918	99
-1916	116
-1914	101
-1912	113
-1910	113
-1908	135
-1906	102
-1904	93
-1902	110
-1900	93
-1898	117
-1896	110
-1894	114
-1892	126
-1890	116
-1888	109
-1886	114
-1884	101
-1882	95
-1880	116
-1878	106
-1876	142
-1874	102
-1872	110
-1870	108
-1868	106
-1866	108
-1864	119
-1862	109
-1860	136
-1858	125
-1856	115
-1854	121
-1852	114
-1850	107
-1848	119
-1846	105
-1844	108
-1842	113
-1840	117
-1838	135
-1836	121
-1834	102
-1832	95
-1830	83
-1828	122
-1826	116
-1824	97
-1822	133
-1820	126
-1818	106
-1816	104
-1814	126
-1812	105
-1810	103
-1808	119
-1806	129
-1804	98
-1802	119
-1800	120
-1798	104
-1796	112
-1794	125
-1792	140
-1790	111
-1788	119
-1786	110
-1784	111
-1782	118
-1780	127
-1778	120
-1776	111
-1774	113
-1772	126
-1770	134
-1768	110
-1766	113
-1764	117
-1762	105
-1760	104
-1758	121
-1756	112
-1754	110
-1752	107
-1750	117
-1748	120
-1746	132
-1744	113
-1742	125
-1740	123
-1738	101
-1736	102
-1734	106
-1732	100
-1730	122
-1728	119
-1726	121
-1724	118
-1722	113
-1720	122
-1718	105
-1716	103
-1714	110
-1712	136
-1710	124
-1708	112
-1706	97
-1704	125
-1702	116
-1700	124
-1698	133
-1696	99
-1694	105
-1692	103
-1690	110
-1688	121
-1686	104
-1684	120
-1682	109
-1680	119
-1678	104
-1676	112
-1674	135
-1672	106
-1670	103
-1668	152
-1666	109
-1664	105
-1662	93
-1660	124
-1658	124
-1656	118
-1654	103
-1652	95
-1650	123
-1648	116
-1646	137
-1644	118
-1642	120
-1640	120
-1638	117
-1636	108
-1634	123
-1632	111
-1630	125
-1628	121
-1626	118
-1624	132
-1622	119
-1620	127
-1618	110
-1616	111
-1614	110
-1612	106
-1610	127
-1608	114
-1606	120
-1604	118
-1602	109
-1600	104
-1598	118
-1596	103
-1594	103
-1592	98
-1590	116
-1588	125
-1586	123
-1584	123
-1582	121
-1580	128
-1578	107
-1576	120
-1574	123
-1572	114
-1570	136
-1568	114
-1566	144
-1564	128
-1562	134
-1560	106
-1558	112
-1556	103
-1554	107
-1552	113
-1550	118
-1548	138
-1546	123
-1544	100
-1542	128
-1540	105
-1538	147
-1536	102
-1534	131
-1532	132
-1530	107
-1528	97
-1526	152
-1524	118
-1522	98
-1520	132
-1518	145
-1516	111
-1514	116
-1512	115
-1510	122
-1508	129
-1506	117
-1504	115
-1502	89
-1500	143
-1498	118
-1496	129
-1494	110
-1492	99
-1490	125
-1488	132
-1486	131
-1484	122
-1482	109
-1480	112
-1478	144
-1476	121
-1474	121
-1472	117
-1470	118
-1468	110
-1466	126
-1464	106
-1462	123
-1460	122
-1458	123
-1456	112
-1454	99
-1452	123
-1450	114
-1448	115
-1446	124
-1444	129
-1442	144
-1440	133
-1438	126
-1436	100
-1434	120
-1432	137
-1430	112
-1428	129
-1426	135
-1424	119
-1422	124
-1420	148
-1418	134
-1416	113
-1414	116
-1412	119
-1410	117
-1408	121
-1406	137
-1404	110
-1402	129
-1400	126
-1398	131
-1396	126
-1394	124
-1392	108
-1390	138
-1388	123
-1386	117
-1384	139
-1382	123
-1380	128
-1378	137
-1376	125
-1374	132
-1372	131
-1370	104
-1368	120
-1366	115
-1364	98
-1362	118
-1360	121
-1358	109
-1356	111
-1354	117
-1352	136
-1350	147
-1348	115
-1346	130
-1344	116
-1342	151
-1340	124
-1338	139
-1336	137
-1334	102
-1332	135
-1330	116
-1328	117
-1326	124
-1324	131
-1322	126
-1320	134
-1318	120
-1316	140
-1314	123
-1312	113
-1310	98
-1308	135
-1306	119
-1304	112
-1302	136
-1300	124
-1298	111
-1296	113
-1294	141
-1292	132
-1290	109
-1288	129
-1286	130
-1284	122
-1282	117
-1280	118
-1278	140
-1276	139
-1274	124
-1272	120
-1270	113
-1268	131
-1266	125
-1264	114
-1262	132
-1260	122
-1258	128
-1256	133
-1254	117
-1252	111
-1250	100
-1248	121
-1246	129
-1244	121
-1242	117
-1240	131
-1238	108
-1236	106
-1234	112
-1232	130
-1230	114
-1228	141
-1226	147
-1224	112
-1222	133
-1220	132
-1218	115
-1216	136
-1214	112
-1212	133
-1210	133
-1208	108
-1206	128
-1204	125
-1202	123
-1200	115
-1198	141
-1196	116
-1194	135
-1192	117
-1190	136
-1188	127
-1186	136
-1184	120
-1182	134
-1180	112
-1178	118
-1176	127
-1174	95
-1172	130
-1170	113
-1168	123
-1166	133
-1164	135
-1162	125
-1160	142
-1158	143
-1156	128
-1154	106
-1152	115
-1150	125
-1148	140
-1146	136
-1144	135
-1142	122
-1140	143
-1138	133
-1136	120
-1134	125
-1132	135
-1130	129
-1128	149
-1126	129
-1124	110
-1122	128
-1120	127
-1118	148
-1116	125
-1114	123
-1112	149
-1110	130
-1108	132
-1106	104
-1104	111
-1102	132
-1100	119
-1098	131
-1096	136
-1094	156
-1092	149
-1090	116
-1088	134
-1086	133
-1084	134
-1082	115
-1080	143
-1078	124
-1076	136
-1074	119
-1072	126
-1070	139
-1068	128
-1066	121
-1064	125
-1062	135
-1060	122
-1058	123
-1056	118
-1054	119
-1052	142
-1050	127
-1048	130
-1046	143
-1044	134
-1042	134
-1040	138
-1038	126
-1036	121
-1034	123
-1032	126
-1030	132
-1028	126
-1026	140
-1024	141
-1022	133
-1020	151
-1018	126
-1016	140
-1014	138
-1012	142
-1010	136
-1008	140
-1006	134
-1004	130
-1002	130
-1000	139
-998	142
-996	129
-994	140
-992	128
-990	123
-988	132
-986	128
-984	133
-982	119
-980	149
-978	128
-976	127
-974	136
-972	121
-970	140
-968	121
-966	126
-964	130
-962	161
-960	133
-958	138
-956	106
-954	125
-952	125
-950	145
-948	144
-946	132
-944	127
-942	156
-940	135
-938	127
-936	142
-934	133
-932	123
-930	108
-928	135
-926	135
-924	125
-922	143
-920	131
-918	116
-916	129
-914	120
-912	138
-910	127
-908	124
-906	130
-904	133
-902	132
-900	144
-898	131
-896	123
-894	136
-892	115
-890	142
-888	123
-886	152
-884	137
-882	135
-880	112
-878	128
-876	146
-874	103
-872	128
-870	123
-868	104
-866	127
-864	136
-862	130
-860	135
-858	129
-856	146
-854	126
-852	118
-850	112
-848	142
-846	136
-844	144
-842	131
-840	145
-838	148
-836	131
-834	116
-832	116
-830	142
-828	131
-826	124
-824	144
-822	125
-820	137
-818	127
-816	121
-814	134
-812	146
-810	118
-808	133
-806	142
-804	144
-802	132
-800	127
-798	133
-796	135
-794	140
-792	128
-790	144
-788	156
-786	131
-784	129
-782	114
-780	126
-778	129
-776	152
-774	132
-772	135
-770	124
-768	128
-766	141
-764	119
-762	152
-760	134
-758	124
-756	117
-754	135
-752	137
-750	132
-748	136
-746	101
-744	136
-742	158
-740	138
-738	151
-736	150
-734	145
-732	127
-730	148
-728	135
-726	127
-724	138
-722	133
-720	135
-718	143
-716	131
-714	140
-712	128
-710	137
-708	132
-706	140
-704	137
-702	126
-700	134
-698	128
-696	151
-694	116
-692	96
-690	138
-688	138
-686	123
-684	151
-682	153
-680	117
-678	133
-676	134
-674	154
-672	118
-670	153
-668	119
-666	149
-664	133
-662	147
-660	132
-658	158
-656	153
-654	151
-652	133
-650	143
-648	157
-646	137
-644	101
-642	129
-640	138
-638	145
-636	132
-634	134
-632	148
-630	129
-628	129
-626	128
-624	152
-622	130
-620	126
-618	131
-616	121
-614	139
-612	125
-610	153
-608	143
-606	112
-604	132
-602	125
-600	144
-598	111
-596	144
-594	138
-592	149
-590	135
-588	143
-586	128
-584	128
-582	116
-580	136
-578	132
-576	158
-574	148
-572	115
-570	133
-568	137
-566	142
-564	131
-562	158
-560	128
-558	122
-556	123
-554	125
-552	159
-550	134
-548	128
-546	144
-544	147
-542	126
-540	119
-538	118
-536	138
-534	142
-532	146
-530	148
-528	123
-526	139
-524	150
-522	116
-520	144
-518	155
-516	142
-514	121
-512	133
-510	146
-508	124
-506	142
-504	134
-502	122
-500	128
-498	116
-496	137
-494	138
-492	163
-490	129
-488	133
-486	149
-484	135
-482	136
-480	139
-478	132
-476	129
-474	138
-472	142
-470	136
-468	147
-466	124
-464	123
-462	130
-460	130
-458	153
-456	132
-454	143
-452	145
-450	138
-448	125
-446	145
-444	139
-442	113
-440	144
-438	135
-436	108
-434	122
-432	128
-430	142
-428	145
-426	140
-424	116
-422	116
-420	124
-418	145
-416	145
-414	147
-412	148
-410	123
-408	140
-406	145
-404	155
-402	130
-400	141
-398	119
-396	120
-394	117
-392	142
-390	123
-388	128
-386	131
-384	136
-382	141
-380	119
-378	164
-376	124
-374	135
-372	154
-370	155
-368	115
-366	123
-364	133
-362	151
-360	131
-358	152
-356	121
-354	137
-352	144
-350	147
-348	146
-346	137
-344	143
-342	153
-340	128
-338	143
-336	138
-334	125
-332	130
-330	119
-328	137
-326	129
-324	122
-322	144
-320	159
-318	120
-316	139
-314	146
-312	135
-310	139
-308	112
-306	157
-304	150
-302	158
-300	140
-298	150
-296	129
-294	134
-292	140
-290	107
-288	137
-286	128
-284	140
-282	148
-280	159
-278	151
-276	141
-274	143
-272	140
-270	140
-268	145
-266	128
-264	121
-262	126
-260	146
-258	137
-256	144
-254	130
-252	145
-250	103
-248	130
-246	129
-244	134
-242	146
-240	126
-238	137
-236	174
-234	137
-232	136
-230	149
-228	157
-226	151
-224	128
-222	146
-220	160
-218	139
-216	130
-214	125
-212	157
-210	170
-208	131
-206	129
-204	147
-202	140
-200	143
-198	125
-196	134
-194	134
-192	129
-190	125
-188	157
-186	137
-184	125
-182	130
-180	150
-178	123
-176	132
-174	148
-172	124
-170	131
-168	137
-166	144
-164	128
-162	123
-160	149
-158	134
-156	135
-154	133
-152	125
-150	129
-148	138
-146	148
-144	133
-142	153
-140	125
-138	124
-136	133
-134	146
-132	151
-130	135
-128	135
-126	134
-124	139
-122	138
-120	135
-118	117
-116	124
-114	138
-112	123
-110	145
-108	139
-106	150
-104	112
-102	135
-100	168
-98	147
-96	136
-94	134
-92	139
-90	134
-88	141
-86	130
-84	148
-82	144
-80	139
-78	143
-76	160
-74	124
-72	143
-70	158
-68	127
-66	126
-64	145
-62	121
-60	143
-58	151
-56	120
-54	144
-52	116
-50	131
-48	106
-46	123
-44	126
-42	170
-40	152
-38	146
-36	154
-34	131
-32	131
-30	139
-28	122
-26	143
-24	150
-22	157
-20	140
-18	149
-16	143
-14	137
-12	120
-10	134
-8	139
-6	131
-4	141
-2	101
0	240
2	138
4	146
6	137
8	147
10	132
12	135
14	139
16	143
18	131
20	146
22	131
24	168
26	129
28	152
30	144
32	156
34	138
36	148
38	110
40	125
42	154
44	156
46	138
48	130
50	133
52	131
54	130
56	149
58	143
60	122
62	157
64	151
66	151
68	133
70	143
72	141
74	141
76	153
78	115
80	127
82	134
84	132
86	131
88	146
90	144
92	126
94	163
96	149
98	157
100	162
102	137
104	154
106	144
108	127
110	139
112	144
114	144
116	137
118	127
120	138
122	150
124	120
126	146
128	140
130	139
132	153
134	144
136	143
138	123
140	153
142	158
144	116
146	128
148	136
150	138
152	116
154	140
156	127
158	141
160	157
162	141
164	142
166	126
168	116
170	161
172	139
174	131
176	140
178	153
180	147
182	149
184	138
186	139
188	141
190	116
192	131
194	150
196	140
198	140
200	134
202	136
204	124
206	127
208	135
210	144
212	129
214	152
216	144
218	149
220	134
222	155
224	142
226	160
228	124
230	144
232	143
234	134
236	134
238	115
240	139
242	132
244	127
246	148
248	135
250	151
252	168
254	133
256	120
258	147
260	138
262	136
264	134
266	135
268	139
270	133
272	150
274	173
276	137
278	145
280	135
282	126
284	143
286	165
288	141
290	156
292	142
294	121
296	126
298	131
300	129
302	158
304	160
306	158
308	130
310	138
312	142
314	130
316	129
318	137
320	134
322	157
324	153
326	134
328	142
330	123
332	157
334	133
336	126
338	140
340	152
342	141
344	137
346	142
348	150
350	138
352	119
354	155
356	158
358	164
360	145
362	141
364	143
366	114
368	143
370	163
372	131
374	152
376	153
378	141
380	120
382	139
384	161
386	116
388	127
390	155
392	136
394	152
396	125
398	154
400	124
402	138
404	132
406	155
408	172
410	139
412	113
414	137
416	132
418	136
420	132
422	130
424	139
426	145
428	145
430	138
432	124
434	140
436	139
438	154
440	146
442	129
444	150
446	155
448	134
450	120
452	125
454	159
456	127
458	124
460	136
462	168
464	130
466	135
468	137
470	143
472	147
474	139
476	128
478	141
480	159
482	169
484	124
486	125
488	143
490	123
492	129
494	137
496	142
498	113
500	132
502	128
504	130
506	135
508	158
510	128
512	127
514	127
516	143
518	127
520	133
522	137
524	137
526	127
528	144
530	127
532	130
534	143
536	116
538	142
540	133
542	146
544	121
546	153
548	151
550	150
552	155
554	129
556	144
558	133
560	154
562	157
564	140
566	130
568	123
570	116
572	159
574	129
576	132
578	127
580	128
582	129
584	171
586	129
588	117
590	131
592	126
594	125
596	146
598	135
600	147
602	136
604	134
606	137
608	123
610	130
612	137
614	149
616	128
618	138
620	154
622	121
624	110
626	125
628	137
630	154
632	127
634	132
636	134
638	157
640	119
642	117
644	148
646	119
648	133
650	140
652	160
654	141
656	128
658	151
660	143
662	143
664	141
666	150
668	130
670	116
672	150
674	120
676	132
678	144
680	133
682	147
684	135
686	142
688	136
690	144
692	130
694	154
696	129
698	145
700	122
702	155
704	132
706	147
708	146
710	135
712	123
714	147
716	137
718	132
720	137
722	137
724	127
726	141
728	139
730	140
732	151
734	162
736	110
738	151
740	112
742	119
744	112
746	137
748	118
750	127
752	134
754	123
756	128
758	144
760	120
762	140
764	133
766	142
768	132
770	122
772	143
774	114
776	129
778	121
780	136
782	144
784	135
786	113
788	116
790	159
792	129
794	130
796	136
798	129
800	138
802	126
804	168
806	135
808	131
810	136
812	130
814	131
816	130
818	129
820	133
822	131
824	137
826	139
828	148
830	134
832	146
834	148
836	148
838	143
840	146
842	136
844	141
846	142
848	140
850	158
852	119
854	134
856	134
858	143
860	115
862	126
864	125
866	126
868	148
870	147
872	116
874	128
876	157
878	126
880	124
882	136
884	121
886	141
888	131
890	131
892	145
894	125
896	147
898	106
900	138
902	125
904	122
906	128
908	120
910	127
912	136
914	131
916	138
918	127
920	110
922	141
924	147
926	123
928	136
930	108
932	128
934	132
936	128
938	146
940	135
942	133
944	153
946	127
948	142
950	135
952	140
954	110
956	151
958	117
960	136
962	148
964	146
966	128
968	124
970	129
972	141
974	123
976	132
978	123
980	136
982	147
984	135
986	122
988	133
990	119
992	158
994	138
996	145
998	130
1000	120
1002	142
1004	122
1006	126
1008	113
1010	135
1012	137
1014	138
1016	161
1018	131
1020	128
1022	109
1024	124
1026	124
1028	119
1030	146
1032	119
1034	128
1036	128
1038	168
1040	104
1042	112
1044	116
1046	141
1048	139
1050	127
1052	131
1054	112
1056	152
1058	152
1060	129
1062	143
1064	119
1066	135
1068	121
1070	117
1072	119
1074	146
1076	128
1078	149
1080	131
1082	132
1084	116
1086	134
1088	119
1090	144
1092	129
1094	119
1096	132
1098	123
1100	143
1102	118
1104	118
1106	141
1108	119
1110	116
1112	133
1114	123
1116	129
1118	136
1120	113
1122	108
1124	135
1126	139
1128	135
1130	124
1132	142
1134	148
1136	110
1138	118
1140	126
1142	127
1144	135
1146	124
1148	125
1150	138
1152	112
1154	128
1156	140
1158	124
1160	129
1162	141
1164	149
1166	134
1168	134
1170	110
1172	135
1174	121
1176	103
1178	118
1180	133
1182	113
1184	121
1186	133
1188	129
1190	126
1192	134
1194	133
1196	126
1198	153
1200	112
1202	139
1204	124
1206	135
1208	126
1210	137
1212	133
1214	120
1216	127
1218	135
1220	126
1222	109
1224	136
1226	123
1228	137
1230	129
1232	129
1234	124
1236	133
1238	146
1240	158
1242	142
1244	135
1246	114
1248	137
1250	123
1252	120
1254	117
1256	140
1258	128
1260	117
1262	124
1264	118
1266	120
1268	154
1270	121
1272	124
1274	133
1276	123
1278	131
1280	133
1282	131
1284	129
1286	114
1288	126
1290	135
1292	127
1294	144
1296	122
1298	114
1300	121
1302	117
1304	120
1306	144
1308	116
1310	138
1312	131
1314	125
1316	114
1318	108
1320	117
1322	131
1324	116
1326	123
1328	122
1330	135
1332	127
1334	126
1336	121
1338	120
1340	108
1342	129
1344	114
1346	124
1348	126
1350	129
1352	135
1354	120
1356	107
1358	120
1360	147
1362	137
1364	120
1366	132
1368	129
1370	118
1372	129
1374	105
1376	120
1378	126
1380	120
1382	140
1384	117
1386	129
1388	134
1390	120
1392	125
1394	135
1396	111
1398	119
1400	145
1402	131
1404	126
1406	121
1408	120
1410	118
1412	123
1414	137
1416	116
1418	123
1420	127
1422	117
1424	141
1426	116
1428	117
1430	119
1432	123
1434	121
1436	120
1438	115
1440	113
1442	122
1444	131
1446	117
1448	119
1450	141
1452	120
1454	112
1456	118
1458	126
1460	132
1462	131
1464	127
1466	123
1468	114
1470	155
1472	146
1474	113
1476	141
1478	152
1480	129
1482	126
1484	123
1486	119
1488	104
1490	122
1492	115
1494	142
1496	95
1498	121
1500	103
1502	123
1504	114
1506	117
1508	137
1510	118
1512	126
1514	120
1516	128
1518	135
1520	104
1522	128
1524	112
1526	135
1528	128
1530	107
1532	118
1534	120
1536	111
1538	115
1540	134
1542	118
1544	140
1546	105
1548	122
1550	134
1552	119
1554	121
1556	131
1558	123
1560	113
1562	133
1564	125
1566	123
1568	102
1570	111
1572	130
1574	122
1576	126
1578	124
1580	113
1582	124
1584	121
1586	140
1588	127
1590	132
1592	118
1594	114
1596	108
1598	121
1600	122
1602	141
1604	131
1606	129
1608	131
1610	121
1612	102
1614	115
1616	134
1618	131
1620	121
1622	120
1624	135
1626	105
1628	120
1630	112
1632	121
1634	128
1636	126
1638	107
1640	132
1642	112
1644	116
1646	143
1648	125
1650	135
1652	130
1654	105
1656	96
1658	109
1660	118
1662	113
1664	120
1666	116
1668	117
1670	115
1672	117
1674	126
1676	133
1678	119
1680	121
1682	124
1684	122
1686	117
1688	116
1690	115
1692	127
1694	129
1696	135
1698	130
1700	117
1702	137
1704	118
1706	96
1708	110
1710	117
1712	133
1714	121
1716	93
1718	132
1720	113
1722	119
1724	124
1726	122
1728	108
1730	115
1732	123
1734	134
1736	106
1738	135
1740	102
1742	129
1744	119
1746	107
1748	134
1750	121
1752	122
1754	104
1756	126
1758	113
1760	135
1762	116
1764	114
1766	116
1768	92
1770	116
1772	114
1774	99
1776	120
1778	110
1780	124
1782	100
1784	120
1786	133
1788	131
1790	117
1792	128
1794	98
1796	135
1798	133
1800	99
1802	131
1804	113
1806	114
1808	105
1810	113
1812	106
1814	130
1816	112
1818	92
1820	124
1822	113
1824	119
1826	111
1828	130
1830	124
1832	118
1834	125
1836	117
1838	122
1840	119
1842	116
1844	130
1846	119
1848	115
1850	119
1852	126
1854	109
1856	113
1858	100
1860	110
1862	121
1864	100
1866	98
1868	108
1870	113
1872	110
1874	103
1876	121
1878	125
1880	120
1882	129
1884	126
1886	115
1888	97
1890	110
1892	121
1894	140
1896	101
1898	116
1900	118
1902	98
1904	114
1906	111
1908	98
1910	112
1912	122
1914	137
1916	108
1918	123
1920	116
1922	97
1924	111
1926	109
1928	109
1930	111
1932	120
1934	109
1936	114
1938	104
1940	110
1942	117
1944	102
1946	124
1948	98
1950	110
1952	100
1954	98
1956	119
1958	99
1960	102
1962	123
1964	123
1966	113
1968	119
1970	120
1972	111
1974	112
1976	110
1978	109
1980	116
1982	106
1984	99
1986	106
1988	122
1990	112
1992	127
1994	104
1996	125
1998	117
2000	125
2002	97
2004	105
2006	101
2008	105
2010	98
2012	121
2014	109
2016	113
2018	108
2020	112
2022	101
2024	121
2026	108
2028	132
2030	107
2032	130
2034	103
2036	112
2038	107
2040	137
2042	108
2044	98
2046	121
2048	113
2050	109
2052	108
2054	133
2056	108
2058	104
2060	104
2062	101
2064	109
2066	124
2068	114
2070	102
2072	93
2074	118
2076	113
2078	117
2080	100
2082	104
2084	127
2086	112
2088	103
2090	113
2092	119
2094	114
2096	112
2098	105
2100	117
2102	111
2104	126
2106	121
2108	99
2110	117
2112	102
2114	110
2116	102
2118	126
2120	90
2122	106
2124	102
2126	119
2128	109
2130	92
2132	128
2134	135
2136	115
2138	102
2140	103
2142	104
2144	89
2146	109
2148	108
2150	122
2152	94
2154	127
2156	112
2158	102
2160	96
2162	117
2164	106
2166	108
2168	111
2170	104
2172	110
2174	107
2176	114
2178	98
2180	108
2182	106
2184	116
2186	107
2188	110
2190	100
2192	124
2194	119
2196	101
2198	109
2200	114
2202	116
2204	115
2206	121
2208	122
2210	122
2212	104
2214	113
2216	114
2218	90
2220	99
2222	99
2224	98
2226	93
2228	90
2230	101
2232	123
2234	101
2236	109
2238	121
2240	109
2242	108
2244	124
2246	117
2248	83
2250	128
2252	115
2254	107
2256	111
2258	108
2260	102
2262	110
2264	97
2266	96
2268	88
2270	105
2272	103
2274	105
2276	104
2278	109
2280	93
2282	98
2284	117
2286	102
2288	103
2290	103
2292	101
2294	112
2296	127
2298	113
2300	118
2302	106
2304	104
2306	103
2308	100
2310	116
2312	105
2314	98
2316	116
2318	99
2320	98
2322	104
2324	97
2326	98
2328	120
2330	103
2332	93
2334	106
2336	119
2338	106
2340	115
2342	117
2344	111
2346	110
2348	103
2350	126
2352	94
2354	107
2356	114
2358	105
2360	104
2362	102
2364	119
2366	111
2368	99
2370	109
2372	100
2374	102
2376	100
2378	101
2380	102
2382	103
2384	90
2386	124
2388	94
2390	99
2392	90
2394	104
2396	111
2398	100
2400	105
2402	108
2404	93
2406	86
2408	104
2410	97
2412	118
2414	97
2416	102
2418	89
2420	111
2422	111
2424	109
2426	97
2428	92
2430	92
2432	113
2434	109
2436	86
2438	113
2440	93
2442	96
2444	111
2446	96
2448	89
2450	106
2452	101
2454	95
2456	101
2458	102
2460	99
2462	103
2464	97
2466	92
2468	117
2470	100
2472	105
2474	118
2476	101
2478	107
2480	104
2482	105
2484	97
2486	109
2488	87
2490	103
2492	98
2494	100
2496	121
2498	93
2500	85
2502	112
2504	106
2506	106
2508	81
2510	120
2512	97
2514	103
2516	89
2518	94
2520	101
2522	105
2524	129
2526	103
2528	106
2530	102
2532	98
2534	90
2536	92
2538	96
2540	120
2542	96
2544	96
2546	104
2548	91
2550	101
2552	112
2554	116
2556	96
2558	108
2560	93
2562	96
2564	109
2566	123
2568	96
2570	115
2572	97
2574	102
2576	83
2578	100
2580	108
2582	86
2584	84
2586	115
2588	101
2590	99
2592	97
2594	82
2596	97
2598	106
2600	116
2602	95
2604	104
2606	102
2608	96
2610	92
2612	73
2614	108
2616	110
2618	92
2620	96
2622	77
2624	93
2626	97
2628	115
2630	79
2632	90
2634	106
2636	96
2638	104
2640	106
2642	113
2644	94
2646	83
2648	93
2650	84
2652	95
2654	100
2656	100
2658	106
2660	98
2662	113
2664	89
2666	90
2668	92
2670	101
2672	93
2674	98
2676	109
2678	71
2680	78
2682	90
2684	105
2686	86
2688	88
2690	94
2692	105
2694	102
2696	95
2698	92
2700	91
2702	94
2704	83
2706	93
2708	97
2710	91
2712	99
2714	103
2716	111
2718	79
2720	89
2722	95
2724	87
2726	100
2728	97
2730	80
2732	93
2734	100
2736	97
2738	114
2740	103
2742	97
2744	92
2746	96
2748	80
2750	87
2752	100
2754	104
2756	87
2758	93
2760	118
2762	96
2764	92
2766	102
2768	93
2770	86
2772	72
2774	87
2776	111
2778	115
2780	78
2782	96
2784	91
2786	88
2788	94
2790	91
2792	97
2794	78
2796	90
2798	90
2800	97
2802	107
2804	93
2806	89
2808	95
2810	93
2812	99
2814	96
2816	84
2818	96
2820	80
2822	91
2824	81
2826	88
2828	77
2830	92
2832	87
2834	91
2836	101
2838	79
2840	93
2842	94
2844	69
2846	88
2848	90
2850	76
2852	76
2854	90
2856	114
2858	93
2860	88
2862	103
2864	81
2866	104
2868	75
2870	82
2872	84
2874	72
2876	93
2878	106
2880	103
2882	102
2884	95
2886	105
2888	82
2890	88
2892	99
2894	98
2896	97
2898	87
2900	106
2902	89
2904	73
2906	97
2908	93
2910	105
2912	73
2914	88
2916	74
2918	100
2920	100
2922	85
2924	114
2926	77
2928	100
2930	100
2932	84
2934	96
2936	93
2938	86
2940	63
2942	90
2944	86
2946	80
2948	95
2950	75
2952	87
2954	76
2956	71
2958	100
2960	90
2962	84
2964	78
2966	90
2968	96
2970	93
2972	93
2974	89
2976	90
2978	84
2980	83
2982	87
2984	94
2986	86
2988	86
2990	100
2992	74
2994	93
2996	95
2998	86
3000	116
3002	76
3004	105
3006	86
3008	82
3010	72
3012	100
3014	84
3016	86
3018	80
3020	86
3022	74
3024	81
3026	75
3028	79
3030	96
3032	93
3034	75
3036	102
3038	86
3040	94
3042	77
3044	102
3046	77
3048	73
3050	87
3052	85
3054	87
3056	96
3058	75
3060	72
3062	92
3064	89
3066	81
3068	80
3070	79
3072	84
3074	76
3076	81
3078	90
3080	99
3082	88
3084	82
3086	85
3088	83
3090	90
3092	85
3094	65
3096	78
3098	86
3100	78
3102	95
3104	70
3106	96
3108	82
3110	84
3112	78
3114	81
3116	78
3118	78
3120	77
3122	93
3124	79
3126	95
3128	89
3130	87
3132	82
3134	69
3136	80
3138	74
3140	81
3142	88
3144	72
3146	83
3148	84
3150	77
3152	89
3154	72
3156	65
3158	70
3160	81
3162	77
3164	95
3166	68
3168	81
3170	89
3172	93
3174	89
3176	76
3178	88
3180	64
3182	78
3184	93
3186	93
3188	70
3190	80
3192	68
3194	75
3196	82
3198	74
3200	74
3202	97
3204	82
3206	84
3208	89
3210	91
3212	80
3214	94
3216	86
3218	70
3220	68
3222	84
3224	76
3226	71
3228	90
3230	94
3232	83
3234	94
3236	80
3238	78
3240	70
3242	82
3244	88
3246	87
3248	91
3250	84
3252	83
3254	89
3256	75
3258	63
3260	95
3262	69
3264	90
3266	80
3268	87
3270	94
3272	79
3274	77
3276	86
3278	90
3280	77
3282	83
3284	79
3286	74
3288	77
3290	87
3292	78
3294	83
3296	84
3298	99
3300	100
3302	79
3304	79
3306	94
3308	72
3310	84
3312	72
3314	69
3316	76
3318	93
3320	82
3322	69
3324	76
3326	75
3328	83
3330	84
3332	87
3334	93
3336	70
3338	71
3340	81
3342	71
3344	84
3346	64
3348	73
3350	75
3352	73
3354	68
3356	86
3358	83
3360	76
3362	76
3364	66
3366	78
3368	72
3370	82
3372	81
3374	68
3376	71
3378	72
3380	66
3382	80
3384	60
3386	85
3388	87
3390	73
3392	75
3394	80
3396	74
3398	64
3400	78
3402	74
3404	78
3406	78
3408	79
3410	73
3412	71
3414	75
3416	79
3418	59
3420	86
3422	71
3424	76
3426	67
3428	69
3430	82
3432	83
3434	55
3436	66
3438	75
3440	75
3442	69
3444	68
3446	90
3448	72
3450	68
3452	63
3454	81
3456	79
3458	75
3460	83
3462	83
3464	79
3466	69
3468	78
3470	79
3472	89
3474	74
3476	68
3478	76
3480	83
3482	65
3484	70
3486	76
3488	63
3490	75
3492	79
3494	81
3496	86
3498	60
3500	76
3502	75
3504	58
3506	81
3508	74
3510	65
3512	78
3514	68
3516	94
3518	70
3520	73
3522	53
3524	68
3526	82
3528	81
3530	63
3532	72
3534	71
3536	69
3538	81
3540	81
3542	75
3544	58
3546	65
3548	78
3550	74
3552	64
3554	69
3556	70
3558	74
3560	81
3562	67
3564	69
3566	68
3568	72
3570	85
3572	85
3574	81
3576	65
3578	66
3580	54
3582	65
3584	63
3586	73
3588	59
3590	68
3592	67
3594	70
3596	66
3598	69
3600	73
3602	75
3604	70
3606	74
3608	69
3610	77
3612	53
3614	55
3616	62
3618	88
3620	84
3622	83
3624	67
3626	67
3628	64
3630	82
3632	65
3634	63
3636	68
3638	74
3640	71
3642	64
3644	78
3646	71
3648	58
3650	62
3652	82
3654	72
3656	72
3658	54
3660	65
3662	70
3664	75
3666	60
3668	76
3670	63
3672	68
3674	73
3676	64
3678	69
3680	76
3682	71
3684	80
3686	70
3688	80
3690	61
3692	61
3694	65
3696	59
3698	47
3700	70
3702	77
3704	76
3706	66
3708	54
3710	66
3712	78
3714	64
3716	73
3718	72
3720	56
3722	69
3724	61
3726	56
3728	64
3730	70
3732	66
3734	79
3736	76
3738	68
3740	59
3742	57
3744	56
3746	65
3748	68
3750	63
3752	52
3754	72
3756	70
3758	70
3760	62
3762	61
3764	74
3766	65
3768	69
3770	68
3772	67
3774	68
3776	68
3778	76
3780	59
3782	65
3784	84
3786	61
3788	60
3790	65
3792	60
3794	66
3796	66
3798	70
3800	54
3802	68
3804	52
3806	58
3808	63
3810	66
3812	60
3814	55
3816	66
3818	71
3820	55
3822	52
3824	46
3826	53
3828	72
3830	73
3832	53
3834	65
3836	75
3838	53
3840	56
3842	46
3844	64
3846	64
3848	67
3850	52
3852	66
3854	80
3856	76
3858	55
3860	65
3862	68
3864	52
3866	62
3868	57
3870	69
3872	63
3874	75
3876	62
3878	58
3880	65
3882	63
3884	56
3886	66
3888	61
3890	80
3892	73
3894	59
3896	54
3898	74
3900	66
3902	56
3904	71
3906	46
3908	61
3910	70
3912	59
3914	62
3916	61
3918	63
3920	55
3922	60
3924	69
3926	72
3928	65
3930	77
3932	61
3934	52
3936	60
3938	64
3940	67
3942	53
3944	56
3946	56
3948	71
3950	52
3952	52
3954	65
3956	80
3958	66
3960	66
3962	70
3964	52
3966	69
3968	53
3970	71
3972	59
3974	51
3976	64
3978	57
3980	55
3982	70
3984	62
3986	56
3988	53
3990	55
3992	59
3994	65
3996	60
3998	55
4000	58
4002	63
4004	44
4006	70
4008	62
4010	56
4012	63
4014	66
4016	49
4018	50
4020	61
4022	58
4024	54
4026	64
4028	61
4030	50
4032	58
4034	69
4036	59
4038	55
4040	55
4042	62
4044	66
4046	63
4048	56
4050	51
4052	52
4054	56
4056	72
4058	67
4060	60
4062	56
4064	59
4066	61
4068	50
4070	48
4072	67
4074	54
4076	65
4078	52
4080	55
4082	40
4084	53
4086	59
4088	54
4090	54
4092	57
4094	54
4096	52
4098	80
4100	49
4102	68
4104	47
4106	65
4108	55
4110	58
4112	45
4114	47
4116	52
4118	47
4120	49
4122	45
4124	63
4126	56
4128	60
4130	67
4132	64
4134	61
4136	47
4138	62
4140	37
4142	56
4144	64
4146	54
4148	52
4150	44
4152	63
4154	57
4156	43
4158	63
4160	54
4162	56
4164	49
4166	57
4168	51
4170	44
4172	51
4174	56
4176	57
4178	49
4180	58
4182	46
4184	42
4186	64
4188	55
4190	59
4192	55
4194	55
4196	41
4198	51
4200	52
4202	50
4204	52
4206	54
4208	69
4210	57
4212	47
4214	43
4216	43
4218	56
4220	47
4222	57
4224	50
4226	46
4228	40
4230	42
4232	49
4234	58
4236	67
4238	55
4240	47
4242	64
4244	52
4246	43
4248	59
4250	49
4252	49
4254	62
4256	61
4258	58
4260	48
4262	53
4264	61
4266	51
4268	47
4270	41
4272	57
4274	49
4276	58
4278	50
4280	47
4282	51
4284	45
4286	59
4288	48
4290	46
4292	42
4294	45
4296	42
4298	55
4300	70
4302	44
4304	54
4306	50
4308	74
4310	57
4312	56
4314	40
4316	68
4318	46
4320	51
4322	41
4324	47
4326	66
4328	37
4330	53
4332	53
4334	39
4336	51
4338	49
4340	55
4342	51
4344	55
4346	70
4348	54
4350	57
4352	46
4354	56
4356	43
4358	59
4360	59
4362	59
4364	51
4366	48
4368	49
4370	48
4372	58
4374	52
4376	51
4378	47
4380	50
4382	37
4384	40
4386	60
4388	47
4390	55
4392	46
4394	59
4396	33
4398	33
4400	46
4402	58
4404	40
4406	39
4408	44
4410	47
4412	59
4414	49
4416	59
4418	45
4420	38
4422	50
4424	45
4426	39
4428	64
4430	53
4432	68
4434	43
4436	47
4438	59
4440	46
4442	45
4444	49
4446	55
4448	44
4450	50
4452	35
4454	53
4456	46
4458	43
4460	37
4462	48
4464	45
4466	60
4468	48
4470	40
4472	51
4474	55
4476	41
4478	48
4480	50
4482	43
4484	62
4486	41
4488	54
4490	45
4492	48
4494	41
4496	53
4498	44
4500	53
4502	48
4504	52
4506	42
4508	39
4510	35
4512	52
4514	53
4516	42
4518	43
4520	46
4522	37
4524	48
4526	52
4528	48
4530	37
4532	48
4534	51
4536	51
4538	43
4540	50
4542	45
4544	56
4546	38
4548	37
4550	48
4552	54
4554	36
4556	34
4558	45
4560	52
4562	41
4564	39
4566	39
4568	32
4570	32
4572	44
4574	43
4576	55
4578	51
4580	44
4582	49
4584	39
4586	43
4588	58
4590	41
4592	51
4594	51
4596	48
4598	43
4600	56
4602	52
4604	47
4606	45
4608	44
4610	39
4612	48
4614	47
4616	48
4618	48
4620	46
4622	49
4624	50
4626	50
4628	51
4630	37
4632	48
4634	38
4636	39
4638	42
4640	36
4642	37
4644	37
4646	41
4648	44
4650	41
4652	36
4654	41
4656	34
4658	34
4660	31
4662	51
4664	54
4666	52
4668	51
4670	46
4672	33
4674	33
4676	35
4678	52
4680	42
4682	34
4684	41
4686	48
4688	50
4690	49
4692	29
4694	41
4696	43
4698	41
4700	38
4702	45
4704	44
4706	43
4708	40
4710	40
4712	50
4714	54
4716	41
4718	43
4720	38
4722	47
4724	36
4726	48
4728	48
4730	34
4732	39
4734	42
4736	37
4738	44
4740	40
4742	31
4744	30
4746	31
4748	38
4750	42
4752	45
4754	44
4756	32
4758	44
4760	43
4762	32
4764	36
4766	53
4768	45
4770	47
4772	31
4774	38
4776	36
4778	30
4780	54
4782	39
4784	40
4786	44
4788	45
4790	41
4792	47
4794	34
4796	46
4798	29
4800	36
4802	51
4804	45
4806	41
4808	43
4810	33
4812	37
4814	36
4816	24
4818	38
4820	33
4822	27
4824	52
4826	39
4828	45
4830	46
4832	36
4834	33
4836	35
4838	36
4840	48
4842	44
4844	35
4846	29
4848	36
4850	36
4852	43
4854	39
4856	31
4858	39
4860	34
4862	42
4864	50
4866	35
4868	31
4870	35
4872	46
4874	31
4876	37
4878	24
4880	32
4882	43
4884	37
4886	42
4888	37
4890	37
4892	36
4894	47
4896	33
4898	36
4900	33
4902	29
4904	52
4906	30
4908	33
4910	45
4912	42
4914	30
4916	37
4918	38
4920	39
4922	38
4924	31
4926	31
4928	34
4930	43
4932	37
4934	29
4936	26
4938	32
4940	27
4942	38
4944	26
4946	43
4948	21
4950	37
4952	46
4954	43
4956	54
4958	31
4960	50
4962	39
4964	32
4966	34
4968	37
4970	35
4972	40
4974	34
4976	43
4978	41
4980	30
4982	26
4984	36
4986	29
4988	34
4990	33
4992	32
4994	31
4996	25
4998	35
5000	30
5002	34
5004	21
5006	39
5008	30
5010	27
5012	42
5014	32
5016	40
5018	44
5020	33
5022	38
5024	37
5026	35
5028	35
5030	39
5032	25
5034	38
5036	40
5038	33
5040	23
5042	29
5044	32
5046	36
5048	33
5050	34
5052	28
5054	47
5056	37
5058	26
5060	32
5062	34
5064	30
5066	48
5068	32
5070	28
5072	41
5074	34
5076	23
5078	38
5080	39
5082	41
5084	29
5086	38
5088	34
5090	32
5092	33
5094	35
5096	40
5098	23
5100	29
5102	41
5104	36
5106	30
5108	39
5110	31
5112	30
5114	35
5116	34
5118	29
5120	31
5122	31
5124	25
5126	35
5128	33
5130	36
5132	40
5134	34
5136	35
5138	25
5140	36
5142	39
5144	28
5146	25
5148	22
5150	27
5152	29
5154	36
5156	33
5158	25
5160	33
5162	39
5164	37
5166	24
5168	26
5170	30
5172	24
5174	24
5176	28
5178	40
5180	34
5182	36
5184	39
5186	29
5188	31
5190	27
5192	40
5194	32
5196	37
5198	28
5200	34
5202	24
5204	33
5206	24
5208	27
5210	30
5212	26
5214	31
5216	28
5218	42
5220	38
5222	32
5224	28
5226	22
5228	25
5230	31
5232	37
5234	34
5236	33
5238	35
5240	29
5242	30
5244	27
5246	34
5248	32
5250	34
5252	30
5254	37
5256	26
5258	29
5260	34
5262	29
5264	35
5266	36
5268	35
5270	28
5272	28
5274	25
5276	32
5278	41
5280	39
5282	39
5284	30
5286	33
5288	28
5290	27
5292	37
5294	37
5296	26
5298	26
5300	26
5302	24
5304	33
5306	40
5308	25
5310	25
5312	38
5314	35
5316	35
5318	24
5320	26
5322	22
5324	34
5326	19
5328	26
5330	22
5332	29
5334	31
5336	19
5338	30
5340	26
5342	27
5344	40
5346	32
5348	22
5350	24
5352	31
5354	27
5356	31
5358	37
5360	46
5362	24
5364	35
5366	23
5368	37
5370	28
5372	28
5374	29
5376	23
5378	24
5380	26
5382	24
5384	29
5386	23
5388	29
5390	27
5392	22
5394	28
5396	35
5398	22
5400	18
5402	26
5404	29
5406	27
5408	22
5410	34
5412	28
5414	24
5416	33
5418	29
5420	26
5422	23
5424	30
5426	29
5428	21
5430	33
5432	24
5434	23
5436	23
5438	26
5440	31
5442	33
5444	24
5446	22
5448	30
5450	26
5452	26
5454	25
5456	33
5458	27
5460	32
5462	24
5464	35
5466	21
5468	38
5470	24
5472	32
5474	30
5476	33
5478	28
5480	29
5482	23
5484	23
5486	35
5488	35
5490	26
5492	21
5494	29
5496	25
5498	31
5500	24
5502	28
5504	30
5506	28
5508	28
5510	25
5512	24
5514	33
5516	37
5518	21
5520	26
5522	22
5524	19
5526	26
5528	33
5530	31
5532	20
5534	22
5536	25
5538	28
5540	23
5542	22
5544	26
5546	23
5548	26
5550	25
5552	20
5554	21
5556	27
5558	24
5560	26
5562	19
5564	32
5566	35
5568	35
5570	21
5572	28
5574	31
5576	23
5578	28
5580	26
5582	27
5584	25
5586	31
5588	26
5590	28
5592	26
5594	18
5596	24
5598	36
5600	22
5602	22
5604	15
5606	23
5608	26
5610	19
5612	22
5614	19
5616	23
5618	17
5620	21
5622	27
5624	25
5626	22
5628	14
5630	18
5632	24
5634	38
5636	26
5638	26
5640	21
5642	22
5644	28
5646	17
5648	33
5650	16
5652	32
5654	23
5656	26
5658	30
5660	23
5662	35
5664	24
5666	21
5668	25
5670	19
5672	29
5674	24
5676	25
5678	31
5680	20
5682	29
5684	24
5686	34
5688	21
5690	20
5692	28
5694	23
5696	20
5698	21
5700	24
5702	23
5704	19
5706	13
5708	31
5710	17
5712	38
5714	22
5716	20
5718	20
5720	24
5722	28
5724	29
5726	27
5728	21
5730	19
5732	28
5734	24
5736	16
5738	24
5740	32
5742	21
5744	18
5746	20
5748	22
5750	23
5752	18
5754	27
5756	30
5758	24
5760	17
5762	22
5764	23
5766	23
5768	25
5770	17
5772	22
5774	21
5776	30
5778	34
5780	21
5782	16
5784	26
5786	24
5788	23
5790	18
5792	24
5794	17
5796	22
5798	28
5800	17
5802	15
5804	13
5806	22
5808	17
5810	14
5812	14
5814	21
5816	17
5818	18
5820	17
5822	25
5824	30
5826	21
5828	21
5830	26
5832	20
5834	16
5836	15
5838	18
5840	18
5842	18
5844	22
5846	23
5848	16
5850	30
5852	17
5854	25
5856	23
5858	23
5860	12
5862	18
5864	18
5866	24
5868	16
5870	28
5872	20
5874	16
5876	16
5878	26
5880	32
5882	24
5884	15
5886	22
5888	19
5890	22
5892	18
5894	22
5896	31
5898	18
5900	25
5902	21
5904	21
5906	18
5908	22
5910	29
5912	20
5914	23
5916	21
5918	24
5920	26
5922	27
5924	25
5926	18
5928	20
5930	25
5932	21
5934	18
5936	27
5938	23
5940	9
5942	18
5944	16
5946	14
5948	24
5950	20
5952	24
5954	22
5956	22
5958	19
5960	19
5962	24
5964	21
5966	21
5968	24
5970	16
5972	15
5974	22
5976	19
5978	19
5980	16
5982	20
5984	22
5986	15
5988	26
5990	15
5992	19
5994	25
5996	27
5998	12
6000	19
6002	17
6004	21
6006	22
6008	11
6010	16
6012	27
6014	22
6016	20
6018	24
6020	34
6022	18
6024	18
6026	22
6028	19
6030	12
6032	18
6034	16
6036	24
6038	17
6040	14
6042	19
6044	17
6046	13
6048	22
6050	19
6052	15
6054	14
6056	13
6058	17
6060	16
6062	23
6064	25
6066	26
6068	19
6070	16
6072	17
6074	18
6076	19
6078	16
6080	26
6082	16
6084	17
6086	21
6088	20
6090	15
6092	24
6094	17
6096	26
6098	15
6100	20
6102	9
6104	14
6106	15
6108	24
6110	9
6112	17
6114	15
6116	21
6118	21
6120	20
6122	29
6124	24
6126	19
6128	15
6130	16
6132	18
6134	17
6136	14
6138	17
6140	24
6142	12
6144	19
6146	23
6148	15
6150	12
6152	18
6154	20
6156	25
6158	11
6160	22
6162	8
6164	21
6166	16
6168	21
6170	17
6172	21
6174	17
6176	20
6178	15
6180	12
6182	13
6184	17
6186	19
6188	16
6190	15
6192	18
6194	10
6196	15
6198	16
6200	18
6202	14
6204	21
6206	16
6208	16
6210	17
6212	14
6214	18
6216	18
6218	18
6220	19
6222	11
6224	13
6226	17
6228	14
6230	12
6232	18
6234	15
6236	17
6238	23
6240	15
6242	14
6244	17
6246	13
6248	19
6250	17
6252	17
6254	9
6256	20
6258	20
6260	15
6262	22
6264	18
6266	19
6268	10
6270	20
6272	17
6274	10
6276	25
6278	9
6280	11
6282	19
6284	22
6286	13
6288	16
6290	20
6292	13
6294	14
6296	10
6298	11
6300	17
6302	13
6304	14
6306	23
6308	16
6310	14
6312	22
6314	19
6316	14
6318	17
6320	13
6322	14
6324	13
6326	16
6328	16
6330	10
6332	10
6334	22
6336	13
6338	22
6340	16
6342	16
6344	14
6346	13
6348	12
6350	15
6352	16
6354	7
6356	21
6358	14
6360	12
6362	10
6364	15
6366	12
6368	14
6370	18
6372	14
6374	15
6376	18
6378	11
6380	12
6382	16
6384	21
6386	13
6388	18
6390	18
6392	17
6394	12
6396	14
6398	11
6400	17
6402	12
6404	14
6406	11
6408	12
6410	15
6412	16
6414	14
6416	21
6418	15
6420	11
6422	15
6424	17
6426	11
6428	9
6430	13
6432	18
6434	11
6436	14
6438	18
6440	17
6442	15
6444	13
6446	16
6448	8
6450	8
6452	10
6454	9
6456	22
6458	14
6460	14
6462	14
6464	12
6466	13
6468	10
6470	14
6472	21
6474	14
6476	14
6478	12
6480	15
6482	8
6484	8
6486	17
6488	12
6490	11
6492	9
6494	14
6496	11
6498	13
6500	15
6502	13
6504	20
6506	6
6508	12
6510	4
6512	16
6514	11
6516	18
6518	12
6520	13
6522	14
6524	16
6526	13
6528	17
6530	19
6532	16
6534	13
6536	12
6538	13
6540	5
6542	13
6544	19
6546	18
6548	8
6550	8
6552	19
6554	9
6556	14
6558	9
6560	12
6562	13
6564	13
6566	10
6568	15
6570	15
6572	10
6574	16
6576	7
6578	21
6580	11
6582	14
6584	19
6586	7
6588	10
6590	13
6592	16
6594	12
6596	10
6598	11
6600	16
6602	14
6604	15
6606	8
6608	15
6610	19
6612	6
6614	17
6616	10
6618	15
6620	16
6622	7
6624	13
6626	9
6628	19
6630	17
6632	12
6634	10
6636	17
6638	13
6640	9
6642	8
6644	16
6646	15
6648	15
6650	11
6652	7
6654	13
6656	10
6658	12
6660	11
6662	9
6664	10
6666	17
6668	19
6670	12
6672	10
6674	11
6676	12
6678	11
6680	15
6682	11
6684	14
6686	13
6688	10
6690	16
6692	18
6694	8
6696	7
6698	11
6700	9
6702	11
6704	9
6706	17
6708	9
6710	8
6712	18
6714	11
6716	17
6718	16
6720	19
6722	6
6724	11
6726	13
6728	9
6730	9
6732	14
6734	17
6736	14
6738	12
6740	6
6742	7
6744	10
6746	13
6748	10
6750	9
6752	5
6754	13
6756	14
6758	7
6760	11
6762	9
6764	13
6766	12
6768	18
6770	10
6772	14
6774	11
6776	5
6778	19
6780	17
6782	5
6784	6
6786	10
6788	6
6790	11
6792	11
6794	8
6796	12
6798	11
6800	3
6802	9
6804	15
6806	6
6808	16
6810	14
6812	15
6814	11
6816	15
6818	24
6820	9
6822	16
6824	8
6826	9
6828	7
6830	13
6832	10
6834	12
6836	8
6838	8
6840	9
6842	7
6844	12
6846	12
6848	6
6850	9
6852	10
6854	11
6856	14
6858	13
6860	17
6862	7
6864	14
6866	8
6868	8
6870	7
6872	8
6874	12
6876	10
6878	17
6880	6
6882	7
6884	7
6886	7
6888	10
6890	10
6892	14
6894	8
6896	11
6898	10
6900	8
6902	10
6904	7
6906	10
6908	7
6910	15
6912	12
6914	11
6916	13
6918	10
6920	13
6922	8
6924	14
6926	11
6928	10
6930	15
6932	10
6934	8
6936	12
6938	14
6940	10
6942	10
6944	13
6946	13
6948	11
6950	9
6952	6
6954	12
6956	11
6958	12
6960	12
6962	11
6964	7
6966	7
6968	13
6970	17
6972	23
6974	7
6976	8
6978	12
6980	6
6982	6
6984	11
6986	12
6988	5
6990	9
6992	11
6994	12
6996	10
6998	9
7000	8
7002	12
7004	11
7006	10
7008	10
7010	9
7012	13
7014	13
7016	7
7018	7
7020	12
7022	19
7024	14
7026	11
7028	13
7030	17
7032	11
7034	11
7036	9
7038	11
7040	15
7042	8
7044	6
7046	10
7048	9
7050	8
7052	10
7054	6
7056	12
7058	6
7060	7
7062	6
7064	9
7066	6
7068	16
7070	13
7072	8
7074	10
7076	10
7078	12
7080	16
7082	15
7084	10
7086	10
7088	7
7090	6
7092	5
7094	12
7096	15
7098	3
7100	10
7102	5
7104	5
7106	9
7108	10
7110	9
7112	10
7114	10
7116	6
7118	8
7120	9
7122	14
7124	5
7126	4
7128	11
7130	6
7132	9
7134	15
7136	9
7138	5
7140	10
7142	13
7144	7
7146	5
7148	9
7150	11
7152	9
7154	9
7156	5
7158	10
7160	6
7162	5
7164	11
7166	8
7168	11
7170	12
7172	4
7174	8
7176	4
7178	8
7180	10
7182	8
7184	3
7186	12
7188	10
7190	8
7192	13
7194	6
7196	12
7198	9
7200	11
7202	6
7204	6
7206	14
7208	12
7210	6
7212	7
7214	4
7216	4
7218	10
7220	7
7222	10
7224	14
7226	8
7228	5
7230	9
7232	8
7234	9
7236	3
7238	8
7240	4
7242	10
7244	5
7246	8
7248	8
7250	13
7252	11
7254	11
7256	13
7258	9
7260	12
7262	5
7264	14
7266	8
7268	4
7270	8
7272	6
7274	2
7276	12
7278	10
7280	10
7282	7
7284	6
7286	16
7288	9
7290	4
7292	8
7294	7
7296	4
7298	14
7300	10
7302	8
7304	6
7306	7
7308	12
7310	11
7312	9
7314	7
7316	4
7318	2
7320	6
7322	11
7324	7
7326	9
7328	6
7330	6
7332	7
7334	9
7336	9
7338	9
7340	7
7342	2
7344	7
7346	8
7348	15
7350	10
7352	9
7354	8
7356	6
7358	8
7360	9
7362	10
7364	7
7366	11
7368	7
7370	12
7372	4
7374	10
7376	10
7378	9
7380	12
7382	9
7384	7
7386	6
7388	5
7390	5
7392	7
7394	4
7396	2
7398	15
7400	7
7402	6
7404	7
7406	9
7408	10
7410	9
7412	7
7414	8
7416	3
7418	4
7420	6
7422	6
7424	9
7426	8
7428	6
7430	9
7432	4
7434	8
7436	7
7438	10
7440	8
7442	5
7444	7
7446	13
7448	4
7450	7
7452	6
7454	9
7456	9
7458	3
7460	11
7462	7
7464	7
7466	4
7468	9
7470	7
7472	13
7474	6
7476	11
7478	7
7480	9
7482	9
7484	6
7486	7
7488	7
7490	4
7492	8
7494	8
7496	5
7498	10
7500	9
7502	10
7504	4
7506	6
7508	5
7510	4
7512	5
7514	11
7516	7
7518	4
7520	6
7522	8
7524	5
7526	5
7528	9
7530	6
7532	8
7534	4
7536	9
7538	4
7540	4
7542	6
7544	8
7546	10
7548	5
7550	6
7552	8
7554	6
7556	3
7558	9
7560	8
7562	6
7564	4
7566	6
7568	6
7570	10
7572	7
7574	5
7576	8
7578	2
7580	9
7582	8
7584	3
7586	4
7588	4
7590	3
7592	5
7594	6
7596	1
7598	6
7600	4
7602	6
7604	6
7606	9
7608	2
7610	5
7612	6
7614	5
7616	5
7618	8
7620	8
7622	7
7624	4
7626	11
7628	10
7630	7
7632	7
7634	8
7636	6
7638	5
7640	3
7642	4
7644	5
7646	5
7648	8
7650	8
7652	3
7654	7
7656	7
7658	9
7660	7
7662	7
7664	7
7666	8
7668	5
7670	7
7672	7
7674	3
7676	3
7678	5
7680	4
7682	7
7684	6
7686	4
7688	6
7690	2
7692	7
7694	7
7696	4
7698	2
7700	8
7702	5
7704	8
7706	7
7708	3
7710	4
7712	3
7714	4
7716	4
7718	3
7720	7
7722	5
7724	5
7726	5
7728	5
7730	4
7732	6
7734	6
7736	8
7738	4
7740	5
7742	4
7744	4
7746	6
7748	9
7750	6
7752	4
7754	10
7756	6
7758	5
7760	7
7762	7
7764	4
7766	9
7768	5
7770	10
7772	4
7774	4
7776	8
7778	8
7780	2
7782	5
7784	4
7786	3
7788	9
7790	5
7792	4
7794	3
7796	5
7798	3
7800	5
7802	10
7804	5
7806	6
7808	2
7810	7
7812	6
7814	3
7816	8
7818	9
7820	4
7822	11
7824	3
7826	6
7828	4
7830	4
7832	6
7834	9
7836	4
7838	2
7840	7
7842	3
7844	4
7846	7
7848	3
7850	9
7852	6
7854	4
7856	7
7858	7
7860	5
7862	8
7864	1
7866	6
7868	3
7870	3
7872	3
7874	2
7876	8
7878	2
7880	8
7882	6
7884	6
7886	8
7888	5
7890	3
7892	6
7894	7
7896	5
7898	4
7900	5
7902	4
7904	5
7906	2
7908	3
7910	5
7912	4
7914	7
7916	8
7918	7
7920	5
7922	4
7924	7
7926	8
7928	3
7930	5
7932	7
7934	2
7936	6
7938	6
7940	6
7942	5
7944	4
7946	3
7948	8
7950	9
7952	9
7954	2
7956	5
7958	2
7960	3
7962	8
7964	5
7966	10
7968	6
7970	5
7972	3
7974	4
7976	2
7978	3
7980	7
7982	2
7984	4
7986	7
7988	5
7990	6
7992	1
7994	4
7996	1
7998	6
8000	4
8002	2
8004	7
8006	2
8008	8
8010	1
8012	6
8014	3
8016	6
8018	5
8022	8
8024	6
8026	2
8028	6
8030	5
8032	7
8034	6
8036	7
8038	7
8040	5
8042	2
8044	3
8046	4
8048	4
8050	4
8052	6
8054	4
8056	3
8058	7
8060	1
8062	3
8064	3
8066	2
8068	5
8070	2
8072	4
8074	1
8076	2
8078	7
8080	1
8084	9
8086	2
8088	3
8090	4
8092	6
8094	5
8096	2
8098	3
8100	4
8102	3
8104	6
8106	3
8108	6
8110	4
8112	4
8114	1
8116	2
8118	4
8120	3
8122	4
8124	3
8126	2
8128	3
8130	1
8132	5
8134	7
8136	7
8138	2
8140	3
8142	7
8144	4
8146	2
8148	2
8150	3
8152	4
8154	6
8156	2
8158	2
8160	4
8162	4
8164	4
8166	3
8168	3
8170	4
8172	8
8174	2
8176	10
8178	7
8180	5
8182	2
8184	3
8186	7
8188	2
8192	3
8194	10
8196	3
8200	6
8202	6
8204	6
8206	5
8208	1
8210	3
8212	5
8214	4
8216	1
8218	8
8220	4
8222	3
8224	6
8226	1
8228	5
8230	1
8232	8
8234	1
8236	1
8238	3
8240	5
8242	3
8244	7
8246	7
8248	7
8250	5
8252	4
8254	5
8256	8
8258	6
8260	9
8262	6
8264	3
8266	1
8268	6
8270	1
8272	2
8274	7
8276	4
8278	2
8280	2
8282	5
8284	4
8286	4
8288	4
8290	4
8292	7
8294	4
8296	2
8298	2
8300	4
8302	5
8304	1
8306	2
8308	2
8310	2
8312	2
8314	3
8316	8
8318	1
8320	3
8322	4
8324	4
8326	2
8328	4
8330	4
8334	3
8336	5
8338	2
8340	5
8342	7
8344	6
8346	3
8348	3
8350	7
8352	2
8354	1
8356	3
8358	2
8360	2
8362	4
8364	1
8366	9
8368	1
8370	2
8372	5
8374	1
8376	2
8378	2
8380	3
8382	2
8384	3
8386	5
8388	2
8390	2
8392	3
8394	2
8396	5
8398	3
8400	1
8402	4
8404	2
8406	2
8408	2
8410	8
8412	3
8414	8
8416	4
8418	3
8420	4
8422	7
8426	2
8428	6
8430	2
8432	4
8434	2
8436	7
8440	3
8442	4
8444	5
8446	3
8448	1
8450	3
8452	4
8454	7
8456	4
8458	2
8460	2
8462	1
8464	1
8466	5
8468	1
8470	2
8472	3
8474	4
8476	2
8478	6
8480	3
8482	4
8484	1
8486	3
8488	3
8490	5
8492	3
8494	4
8496	2
8498	5
8500	2
8502	3
8504	2
8506	1
8508	5
8510	5
8512	2
8514	7
8516	3
8518	5
8520	3
8522	3
8524	5
8526	3
8528	3
8530	5
8532	2
8534	2
8536	5
8538	2
8540	2
8542	2
8544	3
8546	3
8548	4
8552	4
8554	2
8556	3
8558	3
8560	4
8562	1
8564	1
8566	5
8568	1
8570	2
8572	2
8574	3
8576	1
8578	8
8580	4
8582	3
8584	3
8586	2
8588	3
8590	2
8592	1
8594	2
8596	2
8600	3
8604	4
8610	2
8612	2
8614	2
8616	2
8618	5
8620	2
8622	4
8624	3
8626	4
8628	6
8630	3
8632	3
8634	3
8636	4
8638	4
8642	2
8644	3
8646	2
8648	1
8650	2
8652	2
8654	4
8656	3
8658	2
8660	4
8662	3
8664	4
8666	3
8668	1
8670	1
8672	1
8674	4
8676	3
8678	4
8680	6
8682	1
8684	4
8686	2
8688	1
8690	4
8692	2
8694	3
8696	1
8698	3
8700	2
8702	1
8704	5
8706	2
8708	3
8710	2
8712	3
8714	6
8716	6
8722	3
8724	4
8726	1
8728	4
8730	5
8732	4
8734	3
8736	2
8738	3
8742	2
8744	4
8746	3
8748	2
8750	2
8752	2
8756	1
8758	3
8760	1
8762	5
8766	3
8768	4
8772	1
8774	2
8776	2
8778	5
8780	4
8788	1
8790	3
8796	3
8798	2
8800	5
8804	2
8806	2
8810	3
8812	2
8814	1
8818	1
8820	4
8822	3
8824	3
8826	4
8828	3
8830	1
8832	2
8834	2
8836	7
8838	6
8840	1
8842	1
8844	2
8846	3
8848	2
8850	1
8852	2
8854	2
8856	1
8858	1
8860	1
8862	3
8864	4
8866	4
8868	1
8870	1
8872	5
8874	1
8876	2
8878	1
8880	2
8882	2
8884	4
8886	3
8888	3
8890	1
8892	2
8894	1
8896	5
8898	1
8900	5
8902	1
8904	1
8906	1
8908	1
8912	2
8914	2
8916	2
8918	2
8920	1
8922	3
8924	1
8926	1
8928	1
8932	3
8936	1
8938	2
8940	3
8942	3
8946	4
8948	2
8950	3
8952	4
8954	3
8956	2
8960	2
8962	3
8964	4
8966	2
8968	3
8970	2
8972	2
8974	3
8976	1
8978	4
8980	1
8982	2
8986	1
8988	3
8990	2
8992	4
8994	1
8998	2
9000	4
9002	2
9004	2
9006	3
9008	1
9010	1
9012	1
9014	2
9016	6
9018	5
9020	3
9024	3
9026	5
9028	1
9032	6
9034	2
9038	1
9040	1
9044	3
9046	3
9048	1
9052	3
9054	2
9056	2
9058	1
9060	3
9062	3
9064	4
9066	3
9068	2
9070	4
9072	4
9074	3
9076	2
9078	1
9080	1
9082	3
9086	2
9088	1
9090	4
9092	2
9094	1
9098	3
9100	1
9102	3
9104	2
9106	3
9108	2
9110	4
9112	1
9116	2
9118	2
9122	2
9126	4
9130	2
9132	2
9134	3
9136	2
9138	1
9142	2
9144	1
9146	1
9148	2
9150	1
9152	4
9154	2
9158	4
9160	1
9162	1
9164	2
9166	3
9168	1
9172	2
9174	1
9176	2
9178	3
9182	1
9184	2
9186	2
9188	2
9190	1
9192	2
9194	1
9196	3
9200	1
9204	2
9206	1
9208	2
9212	2
9216	7
9218	4
9220	2
9222	1
9224	3
9226	1
9228	2
9230	2
9238	5
9242	2
9244	2
9246	2
9248	2
9250	1
9252	1
9256	2
9258	2
9262	4
9264	1
9266	3
9268	1
9270	1
9284	4
9286	4
9288	1
9290	3
9292	1
9294	1
9296	2
9300	3
9304	1
9306	1
9308	1
9310	1
9312	1
9316	3
9318	1
9320	1
9322	1
9324	2
9326	2
9328	2
9330	2
9334	1
9336	1
9338	2
9340	2
9342	2
9344	2
9348	2
9350	1
9352	1
9354	1
9356	2
9358	2
9360	1
9362	2
9364	3
9366	2
9368	1
9370	1
9374	1
9378	1
9380	2
9382	1
9384	1
9386	1
9390	2
9392	2
9394	1
9396	3
9400	1
9402	2
9404	2
9406	2
9408	1
9410	1
9414	3
9416	2
9420	1
9422	1
9424	2
9426	3
9428	1
9430	4
9434	1
9436	2
9442	1
9444	3
9446	1
9448	3
9452	1
9456	1
9458	3
9460	2
9462	2
9466	2
9468	2
9470	2
9472	1
9474	1
9476	1
9478	1
9480	2
9482	3
9488	1
9492	1
9494	3
9496	3
9500	1
9502	1
9504	2
9506	5
9508	3
9510	1
9512	1
9514	2
9516	2
9518	3
9520	1
9522	2
9524	6
9526	1
9530	2
9532	3
9534	1
9536	2
9540	2
9542	2
9548	2
9552	4
9556	1
9558	2
9562	2
9566	1
9568	2
9570	4
9572	2
9574	1
9578	1
9580	1
9582	1
9588	3
9594	2
9596	5
9598	2
9602	1
9606	2
9612	4
9614	1
9620	2
9626	5
9632	4
9634	1
9638	1
9644	2
9646	2
9648	1
9658	1
9660	4
9662	3
9664	1
9668	1
9670	1
9674	1
9678	1
9682	1
9686	1
9688	2
9692	2
9694	1
9698	1
9700	1
9704	2
9708	3
9710	2
9712	2
9714	3
9716	1
9720	1
9722	1
9724	1
9726	1
9728	1
9734	2
9738	1
9740	1
9742	1
9744	2
9750	2
9754	1
9756	1
9760	3
9762	2
9764	2
9766	1
9768	1
9772	1
9780	1
9782	1
9786	1
9788	2
9790	1
9792	1
9794	3
9796	1
9798	2
9800	2
9802	1
9808	3
9810	1
9816	1
9824	2
9828	1
9830	1
9832	1
9834	1
9836	1
9838	1
9840	3
9844	1
9848	1
9850	3
9852	2
9858	3
9862	1
9866	3
9868	1
9874	3
9876	2
9886	1
9888	3
9892	1
9896	1
9898	1
9900	1
9904	1
9908	2
9912	1
9914	1
9916	1
9928	1
9932	1
9936	1
9940	2
9942	1
9944	1
9946	1
9948	1
9950	1
9952	1
9954	1
9956	1
9958	1
9964	1
9968	1
9970	1
9980	2
9982	1
9984	1
9986	1
9994	3
9996	1
9998	1
10006	1
10010	2
10012	1
10020	1
10026	1
10028	1
10030	1
10032	1
10034	1
10038	1
10042	3
10046	2
10050	2
10052	3
10058	1
10062	1
10066	1
10068	1
10070	1
10072	2
10074	3
10076	1
10084	1
10088	1
10090	3
10092	2
10094	2
10096	1
10102	4
10104	3
10106	1
10110	1
10112	1
10116	1
10118	1
10122	1
10124	1
10128	1
10136	2
10138	2
10146	2
10150	1
10152	2
10154	1
10160	2
10162	1
10164	1
10168	1
10170	1
10178	1
10182	1
10184	3
10194	3
10200	1
10204	1
10206	1
10208	1
10216	2
10224	2
10226	2
10230	2
10234	1
10238	1
10240	1
10242	2
10252	2
10254	1
10260	2
10264	1
10266	1
10268	1
10274	1
10278	1
10280	1
10282	2
10284	1
10286	1
10290	1
10294	1
10296	1
10300	1
10302	1
10304	1
10306	2
10308	1
10314	3
10316	1
10318	2
10322	1
10326	1
10330	2
10332	2
10334	2
10338	2
10340	1
10346	2
10356	1
10364	1
10366	1
10368	1
10370	1
10372	1
10376	1
10380	1
10382	1
10384	1
10386	1
10388	1
10392	1
10396	4
10400	1
10402	1
10404	1
10412	2
10420	1
10424	3
10426	2
10428	2
10434	1
10442	1
10456	1
10470	1
10484	1
10488	1
10490	2
10494	1
10496	1
10500	1
10504	3
10518	1
10522	1
10524	1
10526	1
10528	1
10530	1
10534	1
10536	1
10542	1
10546	2
10548	1
10550	1
10552	1
10554	1
10564	1
10568	1
10570	1
10584	1
10592	1
10594	1
10596	1
10600	1
10606	1
10608	2
10616	1
10618	1
10620	2
10626	1
10628	1
10632	2
10634	1
10636	1
10638	2
10642	1
10648	2
10654	4
10656	1
10666	1
10670	1
10682	1
10684	1
10692	1
10706	1
10710	1
10714	1
10716	1
10720	2
10724	1
10728	1
10738	1
10740	1
10742	1
10744	1
10762	3
10768	1
10780	1
10788	1
10794	1
10796	2
10798	1
10800	2
10812	2
10816	2
10820	1
10824	1
10826	2
10828	2
10832	2
10838	2
10850	1
10856	1
10858	2
10864	1
10866	1
10872	1
10876	1
10886	2
10894	1
10896	1
10898	1
10900	1
10906	1
10918	1
10924	1
10928	1
10934	1
10942	1
10948	1
10956	2
10958	2
10960	1
10962	1
10964	1
10970	1
10972	1
10980	1
10984	1
11012	1
11014	1
11028	2
11038	1
11044	1
11062	1
11064	1
11072	1
11106	1
11108	1
11112	1
11118	1
11122	1
11134	2
11148	1
11154	1
11160	1
11162	1
11164	1
11178	2
11180	1
11186	1
11188	1
11194	1
11208	1
11212	1
11220	1
11226	1
11234	1
11256	2
11258	1
11260	1
11266	1
11276	1
11314	1
11316	1
11344	1
11346	1
11360	1
11362	2
11368	1
11374	1
11388	1
11426	1
11428	1
11438	1
11442	1
11446	1
11468	1
11478	1
11494	2
11510	1
11522	1
11526	1
11528	1
11538	1
11542	1
11548	1
11580	1
11596	1
11600	1
11608	1
11624	1
11664	1
11670	1
11672	2
11684	1
11710	1
11718	1
11732	2
11738	1
11758	1
11764	1
11780	2
11804	1
11832	1
11844	1
11850	1
11852	1
11898	1
11944	1
11986	1
11988	1
11996	1
12008	1
12056	1
12098	1
12104	1
12120	1
12184	1
12186	1
12214	1
12242	1
12244	1
12248	1
12254	1
12256	1
12278	1
12304	1
12316	1
12320	1
12328	1
12338	1
12376	1
12388	1
12396	2
12422	1
12450	1
12462	1
12594	1
12636	1
12662	2
12688	1
12700	1
12730	1
12740	1
12746	1
12750	1
12830	1
12970	1
12974	1
12980	1
12988	1
13084	1
13098	1
13150	1
13360	1
13376	1
13386	1
13402	1
13494	1
13526	1
13986	2
14150	1
14568	1
14844	1
